WP, 04, 2005052712,   , BEST,   0,  57N, 1563E,  15, 1006, DB,   0,    ,    0,    0,    0,    0, 
WP, 04, 2005052718,   , BEST,   0,  56N, 1557E,  15, 1006, DB,   0,    ,    0,    0,    0,    0, 
WP, 04, 2005052800,   , BEST,   0,  56N, 1550E,  15, 1006, DB,   0,    ,    0,    0,    0,    0, 
WP, 04, 2005052806,   , BEST,   0,  58N, 1540E,  15, 1006, DB,   0,    ,    0,    0,    0,    0, 1008,  120,  40,   0,   0, 
WP, 04, 2005052812,   , BEST,   0,  63N, 1530E,  15, 1006, DB,   0,    ,    0,    0,    0,    0, 
WP, 04, 2005052818,   , BEST,   0,  70N, 1521E,  15, 1006, DB,   0,    ,    0,    0,    0,    0, 
WP, 04, 2005052900,   , BEST,   0,  75N, 1512E,  20, 1004, TD,   0,    ,    0,    0,    0,    0, 
WP, 04, 2005052906,   , BEST,   0,  80N, 1504E,  20, 1004, TD,   0,    ,    0,    0,    0,    0, 
WP, 04, 2005052912,   , BEST,   0,  85N, 1496E,  20, 1004, TD,   0,    ,    0,    0,    0,    0, 
WP, 04, 2005052918,   , BEST,   0,  88N, 1488E,  20, 1004, TD,   0,    ,    0,    0,    0,    0, 
WP, 04, 2005053000,   , BEST,   0,  91N, 1481E,  25, 1002, TD,   0,    ,    0,    0,    0,    0, 1009,   80,  50,   0,   0, 
WP, 04, 2005053006,   , BEST,   0,  93N, 1476E,  30, 1000, TD,   0,    ,    0,    0,    0,    0,    0,    0,   0,  35,   0, 
WP, 04, 2005053012,   , BEST,   0,  95N, 1470E,  30, 1000, TD,   0,    ,    0,    0,    0,    0,    0,    0,   0,  40,   0, 
WP, 04, 2005053018,   , BEST,   0,  97N, 1465E,  35,  997, TS,   0,    ,    0,    0,    0,    0,    0,    0,   0,  45,   0, 
WP, 04, 2005053100,   , BEST,   0,  99N, 1460E,  35,  997, TS,   0,    ,    0,    0,    0,    0,    0,    0,   0,  45,   0, 
WP, 04, 2005053106,   , BEST,   0, 102N, 1456E,  35,  997, TS,   0,    ,    0,    0,    0,    0,    0,    0,   0,  45,   0, 
WP, 04, 2005053112,   , BEST,   0, 104N, 1449E,  35,  997, TS,   0,    ,    0,    0,    0,    0,    0,    0,   0,  45,   0, 
WP, 04, 2005053118,   , BEST,   0, 106N, 1440E,  40,  994, TS,  34, NEQ,   60,   45,   45,   60,    0,    0,   0,  50,   0, 
WP, 04, 2005060100,   , BEST,   0, 106N, 1429E,  50,  987, TS,  34, NEQ,   70,   45,   45,   70,    0,    0,   0,  65,   0, 
WP, 04, 2005060106,   , BEST,   0, 107N, 1416E,  65,  976, TY,  34, NEQ,   70,   50,   50,   70,    0,    0,   0,  70,   0, 
WP, 04, 2005060106,   , BEST,   0, 107N, 1416E,  65,  976, TY,  50, NEQ,   25,   25,   25,   25,    0,    0,   0,  70,   0, 
WP, 04, 2005060112,   , BEST,   0, 108N, 1404E,  75,  967, TY,  34, NEQ,   70,   50,   50,   70,    0,    0,   0,  80,   0, 
WP, 04, 2005060112,   , BEST,   0, 108N, 1404E,  75,  967, TY,  50, NEQ,   25,   25,   25,   25,    0,    0,   0,  80,   0, 
WP, 04, 2005060112,   , BEST,   0, 108N, 1404E,  75,  967, TY,  64, NEQ,   15,   15,   15,   15,    0,    0,   0,  80,   0, 
WP, 04, 2005060118,   , BEST,   0, 109N, 1394E,  90,  954, TY,  34, NEQ,   80,   60,   60,   80,    0,    0,   0, 110,   0, 
WP, 04, 2005060118,   , BEST,   0, 109N, 1394E,  90,  954, TY,  50, NEQ,   35,   35,   35,   35,    0,    0,   0, 110,   0, 
WP, 04, 2005060118,   , BEST,   0, 109N, 1394E,  90,  954, TY,  64, NEQ,   25,   25,   25,   25,    0,    0,   0, 110,   0, 
WP, 04, 2005060200,   , BEST,   0, 111N, 1384E, 110,  933, TY,  34, NEQ,   90,   80,   80,   90,    0,    0,   0, 140,   0, 
WP, 04, 2005060200,   , BEST,   0, 111N, 1384E, 110,  933, TY,  50, NEQ,   40,   40,   40,   40,    0,    0,   0, 140,   0, 
WP, 04, 2005060200,   , BEST,   0, 111N, 1384E, 110,  933, TY,  64, NEQ,   30,   30,   30,   30,    0,    0,   0, 140,   0, 
WP, 04, 2005060206,   , BEST,   0, 114N, 1374E, 115,  927, TY,  34, NEQ,  100,   90,   90,  100,    0,    0,   0, 140,   0, 
WP, 04, 2005060206,   , BEST,   0, 114N, 1374E, 115,  927, TY,  50, NEQ,   40,   40,   40,   40,    0,    0,   0, 140,   0, 
WP, 04, 2005060206,   , BEST,   0, 114N, 1374E, 115,  927, TY,  64, NEQ,   30,   30,   30,   30,    0,    0,   0, 140,   0, 
WP, 04, 2005060212,   , BEST,   0, 118N, 1363E, 115,  927, TY,  34, NEQ,  100,   90,   90,  100,    0,    0,   0, 140,   0, 
WP, 04, 2005060212,   , BEST,   0, 118N, 1363E, 115,  927, TY,  50, NEQ,   40,   40,   40,   40,    0,    0,   0, 140,   0, 
WP, 04, 2005060212,   , BEST,   0, 118N, 1363E, 115,  927, TY,  64, NEQ,   30,   30,   30,   30,    0,    0,   0, 140,   0, 
WP, 04, 2005060218,   , BEST,   0, 120N, 1353E, 110,  933, TY,  34, NEQ,  100,   90,   90,  100,    0,    0,   0, 135,   0, 
WP, 04, 2005060218,   , BEST,   0, 120N, 1353E, 110,  933, TY,  50, NEQ,   40,   40,   40,   40,    0,    0,   0, 135,   0, 
WP, 04, 2005060218,   , BEST,   0, 120N, 1353E, 110,  933, TY,  64, NEQ,   30,   30,   30,   30,    0,    0,   0, 135,   0, 
WP, 04, 2005060300,   , BEST,   0, 124N, 1344E, 105,  938, TY,  34, NEQ,   95,   85,   85,   95,    0,    0,   0, 130,   0, 
WP, 04, 2005060300,   , BEST,   0, 124N, 1344E, 105,  938, TY,  50, NEQ,   40,   40,   40,   40,    0,    0,   0, 130,   0, 
WP, 04, 2005060300,   , BEST,   0, 124N, 1344E, 105,  938, TY,  64, NEQ,   25,   25,   25,   25,    0,    0,   0, 130,   0, 
WP, 04, 2005060306,   , BEST,   0, 131N, 1336E, 105,  938, TY,  34, NEQ,   95,   85,   85,   95,    0,    0,   0, 130,   0, 
WP, 04, 2005060306,   , BEST,   0, 131N, 1336E, 105,  938, TY,  50, NEQ,   40,   40,   40,   40,    0,    0,   0, 130,   0, 
WP, 04, 2005060306,   , BEST,   0, 131N, 1336E, 105,  938, TY,  64, NEQ,   25,   25,   25,   25,    0,    0,   0, 130,   0, 
WP, 04, 2005060312,   , BEST,   0, 137N, 1328E, 105,  938, TY,  34, NEQ,   90,   85,   85,   90,    0,    0,   0, 130,   0, 
WP, 04, 2005060312,   , BEST,   0, 137N, 1328E, 105,  938, TY,  50, NEQ,   40,   40,   40,   40,    0,    0,   0, 130,   0, 
WP, 04, 2005060312,   , BEST,   0, 137N, 1328E, 105,  938, TY,  64, NEQ,   25,   25,   25,   25,    0,    0,   0, 130,   0, 
WP, 04, 2005060318,   , BEST,   0, 141N, 1320E, 125,  916, TY,  34, NEQ,  100,  100,  100,  100,    0,    0,   0, 160,   0, 
WP, 04, 2005060318,   , BEST,   0, 141N, 1320E, 125,  916, TY,  50, NEQ,   45,   45,   45,   45,    0,    0,   0, 160,   0, 
WP, 04, 2005060318,   , BEST,   0, 141N, 1320E, 125,  916, TY,  64, NEQ,   25,   25,   25,   25,    0,    0,   0, 160,   0, 
WP, 04, 2005060400,   , BEST,   0, 145N, 1313E, 125,  916, TY,  34, NEQ,  100,  100,  100,  100,    0,    0,   0, 150,   0, 
WP, 04, 2005060400,   , BEST,   0, 145N, 1313E, 125,  916, TY,  50, NEQ,   45,   45,   45,   45,    0,    0,   0, 150,   0, 
WP, 04, 2005060400,   , BEST,   0, 145N, 1313E, 125,  916, TY,  64, NEQ,   25,   25,   25,   25,    0,    0,   0, 150,   0, 
WP, 04, 2005060406,   , BEST,   0, 151N, 1308E, 125,  916, TY,  34, NEQ,  100,  100,  100,  100,    0,    0,   0, 150,   0, 
WP, 04, 2005060406,   , BEST,   0, 151N, 1308E, 125,  916, TY,  50, NEQ,   45,   45,   45,   45,    0,    0,   0, 150,   0, 
WP, 04, 2005060406,   , BEST,   0, 151N, 1308E, 125,  916, TY,  64, NEQ,   25,   25,   25,   25,    0,    0,   0, 150,   0, 
WP, 04, 2005060412,   , BEST,   0, 159N, 1306E, 125,  916, TY,  34, NEQ,  100,  115,  115,  100,    0,    0,   0, 140,   0, 
WP, 04, 2005060412,   , BEST,   0, 159N, 1306E, 125,  916, TY,  50, NEQ,   50,   50,   50,   50,    0,    0,   0, 140,   0, 
WP, 04, 2005060412,   , BEST,   0, 159N, 1306E, 125,  916, TY,  64, NEQ,   25,   25,   25,   25,    0,    0,   0, 140,   0, 
WP, 04, 2005060418,   , BEST,   0, 167N, 1305E, 115,  927, TY,  34, NEQ,   80,  115,  115,   80,    0,    0,   0, 135,   0, 
WP, 04, 2005060418,   , BEST,   0, 167N, 1305E, 115,  927, TY,  50, NEQ,   35,   50,   50,   35,    0,    0,   0, 135,   0, 
WP, 04, 2005060418,   , BEST,   0, 167N, 1305E, 115,  927, TY,  64, NEQ,   20,   25,   25,   20,    0,    0,   0, 135,   0, 
WP, 04, 2005060500,   , BEST,   0, 176N, 1306E, 105,  938, TY,  34, NEQ,   80,  115,  115,   80,    0,    0,   0, 130,   0, 
WP, 04, 2005060500,   , BEST,   0, 176N, 1306E, 105,  938, TY,  50, NEQ,   35,   50,   50,   35,    0,    0,   0, 130,   0, 
WP, 04, 2005060500,   , BEST,   0, 176N, 1306E, 105,  938, TY,  64, NEQ,   20,   25,   25,   20,    0,    0,   0, 130,   0, 
WP, 04, 2005060506,   , BEST,   0, 183N, 1309E, 100,  944, TY,  34, NEQ,   80,  100,  100,   80,    0,    0,   0, 125,   0, 
WP, 04, 2005060506,   , BEST,   0, 183N, 1309E, 100,  944, TY,  50, NEQ,   35,   45,   45,   35,    0,    0,   0, 125,   0, 
WP, 04, 2005060506,   , BEST,   0, 183N, 1309E, 100,  944, TY,  64, NEQ,   20,   25,   25,   20,    0,    0,   0, 125,   0, 
WP, 04, 2005060512,   , BEST,   0, 190N, 1313E,  90,  954, TY,  34, NEQ,   90,  100,   90,   90,    0,    0,   0, 110,   0, 
WP, 04, 2005060512,   , BEST,   0, 190N, 1313E,  90,  954, TY,  50, NEQ,   35,   40,   35,   35,    0,    0,   0, 110,   0, 
WP, 04, 2005060512,   , BEST,   0, 190N, 1313E,  90,  954, TY,  64, NEQ,   20,   20,   20,   20,    0,    0,   0, 110,   0, 
WP, 04, 2005060518,   , BEST,   0, 198N, 1320E,  95,  949, TY,  34, NEQ,   90,  100,   90,   90,    0,    0,   0, 115,   0, 
WP, 04, 2005060518,   , BEST,   0, 198N, 1320E,  95,  949, TY,  50, NEQ,   35,   40,   35,   35,    0,    0,   0, 115,   0, 
WP, 04, 2005060518,   , BEST,   0, 198N, 1320E,  95,  949, TY,  64, NEQ,   20,   20,   20,   20,    0,    0,   0, 115,   0, 
WP, 04, 2005060600,   , BEST,   0, 206N, 1326E, 105,  938, TY,  34, NEQ,  110,  110,  100,   90,    0,    0,   0, 130,   0, 
WP, 04, 2005060600,   , BEST,   0, 206N, 1326E, 105,  938, TY,  50, NEQ,   35,   40,   35,   35,    0,    0,   0, 130,   0, 
WP, 04, 2005060600,   , BEST,   0, 206N, 1326E, 105,  938, TY,  64, NEQ,   20,   20,   20,   20,    0,    0,   0, 130,   0, 
WP, 04, 2005060606,   , BEST,   0, 212N, 1334E, 115,  927, TY,  34, NEQ,  110,  110,   90,   90,    0,    0,   0, 140,   0, 
WP, 04, 2005060606,   , BEST,   0, 212N, 1334E, 115,  927, TY,  50, NEQ,   40,   40,   40,   40,    0,    0,   0, 140,   0, 
WP, 04, 2005060606,   , BEST,   0, 212N, 1334E, 115,  927, TY,  64, NEQ,   25,   25,   25,   25,    0,    0,   0, 140,   0, 
WP, 04, 2005060612,   , BEST,   0, 218N, 1339E, 115,  927, TY,  34, NEQ,  110,  110,   90,   90,    0,    0,   0, 140,   0, 
WP, 04, 2005060612,   , BEST,   0, 218N, 1339E, 115,  927, TY,  50, NEQ,   40,   40,   40,   40,    0,    0,   0, 140,   0, 
WP, 04, 2005060612,   , BEST,   0, 218N, 1339E, 115,  927, TY,  64, NEQ,   25,   25,   25,   25,    0,    0,   0, 140,   0, 
WP, 04, 2005060618,   , BEST,   0, 223N, 1342E, 115,  927, TY,  34, NEQ,  110,  110,   90,   90,    0,    0,   0, 145,   0, 
WP, 04, 2005060618,   , BEST,   0, 223N, 1342E, 115,  927, TY,  50, NEQ,   40,   40,   40,   40,    0,    0,   0, 145,   0, 
WP, 04, 2005060618,   , BEST,   0, 223N, 1342E, 115,  927, TY,  64, NEQ,   30,   30,   30,   30,    0,    0,   0, 145,   0, 
WP, 04, 2005060700,   , BEST,   0, 229N, 1342E, 105,  938, TY,  34, NEQ,  105,  105,   80,   80,    0,    0,   0, 130,   0, 
WP, 04, 2005060700,   , BEST,   0, 229N, 1342E, 105,  938, TY,  50, NEQ,   35,   35,   35,   35,    0,    0,   0, 130,   0, 
WP, 04, 2005060700,   , BEST,   0, 229N, 1342E, 105,  938, TY,  64, NEQ,   25,   25,   25,   25,    0,    0,   0, 130,   0, 
WP, 04, 2005060706,   , BEST,   0, 234N, 1340E, 100,  944, TY,  34, NEQ,  105,  105,   80,   80,    0,    0,   0, 125,   0, 
WP, 04, 2005060706,   , BEST,   0, 234N, 1340E, 100,  944, TY,  50, NEQ,   35,   35,   35,   35,    0,    0,   0, 125,   0, 
WP, 04, 2005060706,   , BEST,   0, 234N, 1340E, 100,  944, TY,  64, NEQ,   25,   25,   25,   25,    0,    0,   0, 125,   0, 
WP, 04, 2005060712,   , BEST,   0, 239N, 1339E,  90,  954, TY,  34, NEQ,   75,  105,   75,   90,    0,    0,   0, 110,   0, 
WP, 04, 2005060712,   , BEST,   0, 239N, 1339E,  90,  954, TY,  50, NEQ,   30,   75,   35,   35,    0,    0,   0, 110,   0, 
WP, 04, 2005060712,   , BEST,   0, 239N, 1339E,  90,  954, TY,  64, NEQ,   15,   15,   15,   15,    0,    0,   0, 110,   0, 
WP, 04, 2005060718,   , BEST,   0, 244N, 1337E,  90,  954, TY,  34, NEQ,  100,  100,   85,   85,    0,    0,   0, 105,   0, 
WP, 04, 2005060718,   , BEST,   0, 244N, 1337E,  90,  954, TY,  50, NEQ,   30,   30,   30,   30,    0,    0,   0, 105,   0, 
WP, 04, 2005060718,   , BEST,   0, 244N, 1337E,  90,  954, TY,  64, NEQ,   15,   15,   15,   15,    0,    0,   0, 105,   0, 
WP, 04, 2005060800,   , BEST,   0, 250N, 1339E,  85,  958, TY,  34, NEQ,  100,  100,   85,   85,    0,    0,   0, 100,   0, 
WP, 04, 2005060800,   , BEST,   0, 250N, 1339E,  85,  958, TY,  50, NEQ,   30,   30,   30,   30,    0,    0,   0, 100,   0, 
WP, 04, 2005060800,   , BEST,   0, 250N, 1339E,  85,  958, TY,  64, NEQ,   15,   15,   15,   15,    0,    0,   0, 100,   0, 
WP, 04, 2005060806,   , BEST,   0, 256N, 1343E,  80,  963, TY,  34, NEQ,  100,  100,   85,   85,    0,    0,   0,  90,   0, 
WP, 04, 2005060806,   , BEST,   0, 256N, 1343E,  80,  963, TY,  50, NEQ,   30,   30,   30,   30,    0,    0,   0,  90,   0, 
WP, 04, 2005060806,   , BEST,   0, 256N, 1343E,  80,  963, TY,  64, NEQ,   15,   15,   15,   15,    0,    0,   0,  90,   0, 
WP, 04, 2005060812,   , BEST,   0, 261N, 1350E,  70,  972, TY,  34, NEQ,   90,   75,   90,   75,    0,    0,   0,  80,   0, 
WP, 04, 2005060812,   , BEST,   0, 261N, 1350E,  70,  972, TY,  50, NEQ,   20,   15,   20,   15,    0,    0,   0,  80,   0, 
WP, 04, 2005060818,   , BEST,   0, 267N, 1357E,  70,  972, TY,  34, NEQ,   90,   75,   75,   75,    0,    0,   0,  80,   0, 
WP, 04, 2005060818,   , BEST,   0, 267N, 1357E,  70,  972, TY,  50, NEQ,   25,   20,   20,   20,    0,    0,   0,  80,   0, 
WP, 04, 2005060900,   , BEST,   0, 274N, 1365E,  65,  976, TY,  34, NEQ,   85,   75,   75,   75, 1006,  190,  15,   0,   0,   W,   0,    ,   0,   0,      NESAT, M, 
WP, 04, 2005060900,   , BEST,   0, 274N, 1365E,  65,  976, TY,  50, NEQ,   20,   20,   20,   20, 1006,  190,  15,   0,   0,   W,   0,    ,   0,   0,      NESAT, M, 
WP, 04, 2005060906,   , BEST,   0, 282N, 1371E,  60,  980, TS,  34, NEQ,  100,  100,   80,   80, 1004,  190,  25,   0,   0,   W,   0,    ,   0,   0,      NESAT, M, 
WP, 04, 2005060906,   , BEST,   0, 282N, 1371E,  60,  980, TS,  50, NEQ,   30,   30,   25,   25, 1004,  190,  25,   0,   0,   W,   0,    ,   0,   0,      NESAT, M, 
WP, 04, 2005060912,   , BEST,   0, 290N, 1377E,  55,  984, TS,  34, NEQ,   90,   70,   70,   80, 1004,  190,  30,   0,   0,   W,   0,    ,   0,   0,      NESAT, M, 
WP, 04, 2005060918,   , BEST,   0, 298N, 1383E,  50,  987, TS,  34, NEQ,   90,   70,   70,   80, 1004,  190,  30,   0,   0,   W,   0,    ,   0,   0,      NESAT, M, 
WP, 04, 2005061000,   , BEST,   0, 306N, 1390E,  35,  997, TS,  34, NEQ,   30,   30,   30,   30, 
WP, 04, 2005061006,   , BEST,   0, 314N, 1400E,  35,  997, TS,  34, NEQ,   30,   30,   30,   30, 
WP, 04, 2005061012,   , BEST,   0, 325N, 1414E,  30, 1000, TD,   0,    ,    0,    0,    0,    0, 
WP, 04, 2005061018,   , BEST,   0, 337N, 1430E,  30, 1000, TD,   0,    ,    0,    0,    0,    0, 
WP, 04, 2005061100,   , BEST,   0, 343N, 1453E,  25, 1002, TD,   0,    ,    0,    0,    0,    0, 
