WP, 01, 2004021018,   , BEST,   0,  78N, 1480E,  15, 1006, DB,   0,    ,    0,    0,    0,    0, 
WP, 01, 2004021100,   , BEST,   0,  82N, 1472E,  15, 1006, DB,   0,    ,    0,    0,    0,    0, 
WP, 01, 2004021106,   , BEST,   0,  88N, 1462E,  20, 1004, DB,   0,    ,    0,    0,    0,    0, 
WP, 01, 2004021112,   , BEST,   0,  96N, 1451E,  20, 1004, DB,   0,    ,    0,    0,    0,    0, 
WP, 01, 2004021118,   , BEST,   0, 104N, 1440E,  25, 1002, TD,   0,    ,    0,    0,    0,    0, 
WP, 01, 2004021200,   , BEST,   0, 111N, 1427E,  25, 1002, TD,   0,    ,    0,    0,    0,    0, 1006,  120,  60,   0,   0, 
WP, 01, 2004021206,   , BEST,   0, 116N, 1413E,  30, 1000, TD,   0,    ,    0,    0,    0,    0, 1006,   45,  30,   0,   0, 
WP, 01, 2004021212,   , BEST,   0, 127N, 1403E,  30, 1000, TD,   0,    ,    0,    0,    0,    0, 1006,  120,  30,   0,   0, 
WP, 01, 2004021218,   , BEST,   0, 124N, 1389E,  30, 1000, TD,   0,    ,    0,    0,    0,    0, 1007,  120,  30,   0,   0, 
WP, 01, 2004021300,   , BEST,   0, 124N, 1376E,  30, 1000, TD,   0,    ,    0,    0,    0,    0, 1007,  120,  30,   0,   0, 
WP, 01, 2004021306,   , BEST,   0, 128N, 1367E,  30, 1000, TD,   0,    ,    0,    0,    0,    0, 1008,  120,  30,   0,   0, 
WP, 01, 2004021312,   , BEST,   0, 134N, 1359E,  35,  997, TS,   0,    ,    0,    0,    0,    0, 1008,  100,  30,   0,   0, 
WP, 01, 2004021318,   , BEST,   0, 141N, 1354E,  40,  994, TS,  34, NEQ,   40,   40,   30,   40, 1006,  200,  30,   0,   0, 
WP, 01, 2004021400,   , BEST,   0, 148N, 1352E,  35,  997, TS,  34, NEQ,   40,   40,   30,   40, 1006,  200,  30,   0,   0, 
WP, 01, 2004021406,   , BEST,   0, 153N, 1356E,  35,  997, TS,  34, NEQ,   40,   40,   30,   40, 1004,  150,  20,   0,   0, 
WP, 01, 2004021412,   , BEST,   0, 148N, 1359E,  30, 1000, TD,   0,    ,    0,    0,    0,    0, 1004,  150,  20,   0,   0, 
WP, 01, 2004021418,   , BEST,   0, 147N, 1363E,  30, 1000, TD,   0,    ,    0,    0,    0,    0, 1004,  120,  40,   0,   0, 
WP, 01, 2004021500,   , BEST,   0, 149N, 1366E,  30, 1000, TD,   0,    ,    0,    0,    0,    0, 1004,  120,  40,   0,   0, 
WP, 01, 2004021506,   , BEST,   0, 148N, 1370E,  30, 1000, TD,   0,    ,    0,    0,    0,    0, 1004,  120,  40,   0,   0, 
WP, 01, 2004021512,   , BEST,   0, 145N, 1368E,  25, 1002, TD,   0,    ,    0,    0,    0,    0, 1004,  120,  40,   0,   0, 
WP, 01, 2004021518,   , BEST,   0, 143N, 1361E,  25, 1002, TD,   0,    ,    0,    0,    0,    0, 1004,  120,  60,   0,   0, 
WP, 01, 2004021600,   , BEST,   0, 133N, 1358E,  25, 1002, TD,   0,    ,    0,    0,    0,    0, 1004,  120,  60,   0,   0, 
WP, 01, 2004021606,   , BEST,   0, 119N, 1357E,  25, 1002, TD,   0,    ,    0,    0,    0,    0, 1004,  120,  60,   0,   0, 
WP, 01, 2004021612,   , BEST,   0, 108N, 1352E,  25, 1002, TD,   0,    ,    0,    0,    0,    0, 
WP, 01, 2004021618,   , BEST,   0, 102N, 1344E,  25, 1002, TD,   0,    ,    0,    0,    0,    0, 
WP, 01, 2004021700,   , BEST,   0,  96N, 1341E,  25, 1002, TD,   0,    ,    0,    0,    0,    0, 
WP, 01, 2004021706,   , BEST,   0,  93N, 1339E,  25, 1002, TD,   0,    ,    0,    0,    0,    0, 
WP, 01, 2004021712,   , BEST,   0,  91N, 1337E,  25, 1002, TD,   0,    ,    0,    0,    0,    0, 
WP, 01, 2004021718,   , BEST,   0,  90N, 1335E,  25, 1002, TD,   0,    ,    0,    0,    0,    0, 
WP, 01, 2004021800,   , BEST,   0,  89N, 1333E,  25, 1002, TD,   0,    ,    0,    0,    0,    0, 
WP, 01, 2004021806,   , BEST,   0,  88N, 1331E,  25, 1002, TD,   0,    ,    0,    0,    0,    0, 
WP, 01, 2004021812,   , BEST,   0,  87N, 1329E,  25, 1002, TD,   0,    ,    0,    0,    0,    0, 
WP, 01, 2004021818,   , BEST,   0,  86N, 1327E,  25, 1002, TD,   0,    ,    0,    0,    0,    0, 
WP, 01, 2004021900,   , BEST,   0,  85N, 1325E,  20, 1004, TD,   0,    ,    0,    0,    0,    0, 
WP, 01, 2004021906,   , BEST,   0,  85N, 1323E,  20, 1004, TD,   0,    ,    0,    0,    0,    0, 
