WP, 17, 2004081006,   , BEST,   0, 235N, 1543E,  15, 1006, DB,   0,    ,    0,    0,    0,    0, 
WP, 17, 2004081012,   , BEST,   0, 244N, 1556E,  20, 1004, DB,   0,    ,    0,    0,    0,    0, 
WP, 17, 2004081018,   , BEST,   0, 255N, 1568E,  25, 1001, TD,   0,    ,    0,    0,    0,    0,    0,    0,   0,  35,   0, 
WP, 17, 2004081100,   , BEST,   0, 268N, 1581E,  35,  997, TS,   0,    ,    0,    0,    0,    0,    0,    0,   0,  45,   0, 
WP, 17, 2004081106,   , BEST,   0, 280N, 1596E,  35,  997, TS,   0,    ,    0,    0,    0,    0,    0,    0,   0,  45,   0, 
WP, 17, 2004081112,   , BEST,   0, 293N, 1610E,  35,  997, TS,   0,    ,    0,    0,    0,    0,    0,    0,   0,  45,   0, 
WP, 17, 2004081118,   , BEST,   0, 306N, 1623E,  35,  997, TS,   0,    ,    0,    0,    0,    0,    0,    0,   0,  45,   0, 
WP, 17, 2004081200,   , BEST,   0, 317N, 1633E,  30, 1000, TD,   0,    ,    0,    0,    0,    0,    0,    0,   0,  45,   0, 
WP, 17, 2004081206,   , BEST,   0, 324N, 1647E,  30, 1000, TD,   0,    ,    0,    0,    0,    0,    0,    0,   0,  45,   0, 
WP, 17, 2004081212,   , BEST,   0, 330N, 1664E,  30, 1000, TD,   0,    ,    0,    0,    0,    0, 
WP, 17, 2004081218,   , BEST,   0, 331N, 1685E,  25, 1002, TD,   0,    ,    0,    0,    0,    0, 
WP, 17, 2004081300,   , BEST,   0, 335N, 1709E,  25, 1002, TD,   0,    ,    0,    0,    0,    0, 
WP, 17, 2004081306,   , BEST,   0, 348N, 1731E,  25, 1002, EX,   0,    ,    0,    0,    0,    0, 
