WP, 25, 2004091812,   , BEST,   0, 129N, 1534E,  15, 1006, DB,   0,    ,    0,    0,    0,    0, 
WP, 25, 2004091818,   , BEST,   0, 130N, 1518E,  15, 1006, DB,   0,    ,    0,    0,    0,    0, 
WP, 25, 2004091900,   , BEST,   0, 131N, 1502E,  15, 1006, DB,   0,    ,    0,    0,    0,    0, 
WP, 25, 2004091906,   , BEST,   0, 130N, 1486E,  20, 1004, DB,   0,    ,    0,    0,    0,    0, 
WP, 25, 2004091912,   , BEST,   0, 130N, 1472E,  20, 1004, DB,   0,    ,    0,    0,    0,    0, 
WP, 25, 2004091918,   , BEST,   0, 129N, 1459E,  25, 1002, TD,   0,    ,    0,    0,    0,    0, 1008,  130,  40,   0,   0, 
WP, 25, 2004092000,   , BEST,   0, 126N, 1451E,  25, 1002, TD,   0,    ,    0,    0,    0,    0,    0,    0,   0,  35,   0, 
WP, 25, 2004092006,   , BEST,   0, 126N, 1443E,  30, 1000, TD,   0,    ,    0,    0,    0,    0,    0,    0,   0,  40,   0, 
WP, 25, 2004092012,   , BEST,   0, 126N, 1435E,  35,  997, TS,   0,    ,    0,    0,    0,    0,    0,    0,   0,  40,   0, 
WP, 25, 2004092018,   , BEST,   0, 128N, 1426E,  35,  997, TS,   0,    ,    0,    0,    0,    0,    0,    0,   0,  40,   0, 
WP, 25, 2004092100,   , BEST,   0, 132N, 1419E,  40,  994, TS,  34, NEQ,   50,   40,   40,   50,    0,    0,   0,  45,   0, 
WP, 25, 2004092106,   , BEST,   0, 137N, 1413E,  45,  991, TS,  34, NEQ,   70,   50,   50,   60,    0,    0,   0,  55,   0, 
WP, 25, 2004092112,   , BEST,   0, 142N, 1407E,  50,  987, TS,  34, NEQ,   70,   50,   60,   60,    0,    0,   0,  65,   0, 
WP, 25, 2004092118,   , BEST,   0, 143N, 1399E,  55,  984, TS,  34, NEQ,   70,   60,   50,   50,    0,    0,   0,  70,   0, 
WP, 25, 2004092118,   , BEST,   0, 143N, 1399E,  55,  984, TS,  50, NEQ,   15,   15,   15,   15,    0,    0,   0,  70,   0, 
WP, 25, 2004092200,   , BEST,   0, 150N, 1395E,  55,  984, TS,  34, NEQ,   80,   50,   50,   70,    0,    0,   0,  75,   0, 
WP, 25, 2004092200,   , BEST,   0, 150N, 1395E,  55,  984, TS,  50, NEQ,   15,   15,   15,   15,    0,    0,   0,  75,   0, 
WP, 25, 2004092206,   , BEST,   0, 156N, 1390E,  60,  980, TS,  34, NEQ,   80,   50,   50,   70,    0,    0,   0,  75,   0, 
WP, 25, 2004092206,   , BEST,   0, 156N, 1390E,  60,  980, TS,  50, NEQ,   15,   15,   15,   15,    0,    0,   0,  75,   0, 
WP, 25, 2004092212,   , BEST,   0, 161N, 1385E,  65,  976, TY,  34, NEQ,   80,   60,   60,   70,    0,    0,   0,  80,   0, 
WP, 25, 2004092212,   , BEST,   0, 161N, 1385E,  65,  976, TY,  50, NEQ,   20,   20,   20,   20,    0,    0,   0,  80,   0, 
WP, 25, 2004092218,   , BEST,   0, 166N, 1380E,  65,  976, TY,  34, NEQ,  140,   50,   50,  130,    0,    0,   0,  80,   0, 
WP, 25, 2004092218,   , BEST,   0, 166N, 1380E,  65,  976, TY,  50, NEQ,   60,   10,   10,   50,    0,    0,   0,  80,   0, 
WP, 25, 2004092218,   , BEST,   0, 166N, 1380E,  65,  976, TY,  64, NEQ,   20,    5,    5,   20,    0,    0,   0,  80,   0, 
WP, 25, 2004092300,   , BEST,   0, 171N, 1375E,  75,  967, TY,  34, NEQ,  150,   70,   60,  130,    0,    0,   0,  90,   0, 
WP, 25, 2004092300,   , BEST,   0, 171N, 1375E,  75,  967, TY,  50, NEQ,   60,   15,   15,   50,    0,    0,   0,  90,   0, 
WP, 25, 2004092300,   , BEST,   0, 171N, 1375E,  75,  967, TY,  64, NEQ,   20,   10,   10,   20,    0,    0,   0,  90,   0, 
WP, 25, 2004092306,   , BEST,   0, 178N, 1368E,  90,  954, TY,  34, NEQ,  100,   70,  130,  130,    0,    0,   0, 110,   0, 
WP, 25, 2004092306,   , BEST,   0, 178N, 1368E,  90,  954, TY,  50, NEQ,   30,   25,   50,   50,    0,    0,   0, 110,   0, 
WP, 25, 2004092306,   , BEST,   0, 178N, 1368E,  90,  954, TY,  64, NEQ,   15,   15,   20,   20,    0,    0,   0, 110,   0, 
WP, 25, 2004092312,   , BEST,   0, 183N, 1359E, 100,  944, TY,  34, NEQ,  120,  120,  120,   90,    0,    0,   0, 125,   0, 
WP, 25, 2004092312,   , BEST,   0, 183N, 1359E, 100,  944, TY,  50, NEQ,   50,   50,   30,   30,    0,    0,   0, 125,   0, 
WP, 25, 2004092312,   , BEST,   0, 183N, 1359E, 100,  944, TY,  64, NEQ,   20,   20,   15,   15,    0,    0,   0, 125,   0, 
WP, 25, 2004092318,   , BEST,   0, 188N, 1351E, 105,  938, TY,  34, NEQ,  135,  100,  120,  135,    0,    0,   0, 130,   0, 
WP, 25, 2004092318,   , BEST,   0, 188N, 1351E, 105,  938, TY,  50, NEQ,   60,   60,   45,   45,    0,    0,   0, 130,   0, 
WP, 25, 2004092318,   , BEST,   0, 188N, 1351E, 105,  938, TY,  64, NEQ,   30,   30,   25,   25,    0,    0,   0, 130,   0, 
WP, 25, 2004092400,   , BEST,   0, 194N, 1342E, 120,  922, TY,  34, NEQ,  135,  110,  110,  125,    0,    0,   0, 140,   0, 
WP, 25, 2004092400,   , BEST,   0, 194N, 1342E, 120,  922, TY,  50, NEQ,   60,   45,   40,   50,    0,    0,   0, 140,   0, 
WP, 25, 2004092400,   , BEST,   0, 194N, 1342E, 120,  922, TY,  64, NEQ,   25,   25,   25,   25,    0,    0,   0, 140,   0, 
WP, 25, 2004092406,   , BEST,   0, 201N, 1333E, 125,  916, TY,  34, NEQ,  100,   85,   80,  120,    0,    0,   0, 145,   0, 
WP, 25, 2004092406,   , BEST,   0, 201N, 1333E, 125,  916, TY,  50, NEQ,   40,   40,   40,   50,    0,    0,   0, 145,   0, 
WP, 25, 2004092406,   , BEST,   0, 201N, 1333E, 125,  916, TY,  64, NEQ,   20,   20,   20,   25,    0,    0,   0, 145,   0, 
WP, 25, 2004092412,   , BEST,   0, 206N, 1324E, 125,  916, TY,  34, NEQ,  100,   85,   80,  120,    0,    0,   0, 145,   0, 
WP, 25, 2004092412,   , BEST,   0, 206N, 1324E, 125,  916, TY,  50, NEQ,   40,   40,   40,   50,    0,    0,   0, 145,   0, 
WP, 25, 2004092412,   , BEST,   0, 206N, 1324E, 125,  916, TY,  64, NEQ,   20,   20,   20,   25,    0,    0,   0, 145,   0, 
WP, 25, 2004092418,   , BEST,   0, 214N, 1318E, 120,  922, TY,  34, NEQ,  110,   85,   75,  100,    0,    0,   0, 145,   0, 
WP, 25, 2004092418,   , BEST,   0, 214N, 1318E, 120,  922, TY,  50, NEQ,   40,   35,   35,   35,    0,    0,   0, 145,   0, 
WP, 25, 2004092418,   , BEST,   0, 214N, 1318E, 120,  922, TY,  64, NEQ,   20,   20,   20,   20,    0,    0,   0, 145,   0, 
WP, 25, 2004092500,   , BEST,   0, 223N, 1310E, 120,  922, TY,  34, NEQ,  100,   80,   80,   90,    0,    0,   0, 145,   0, 
WP, 25, 2004092500,   , BEST,   0, 223N, 1310E, 120,  922, TY,  50, NEQ,   40,   35,   35,   35,    0,    0,   0, 145,   0, 
WP, 25, 2004092500,   , BEST,   0, 223N, 1310E, 120,  922, TY,  64, NEQ,   20,   20,   20,   20,    0,    0,   0, 145,   0, 
WP, 25, 2004092506,   , BEST,   0, 236N, 1302E, 115,  927, TY,  34, NEQ,  100,   80,   80,  110,    0,    0,   0, 140,   0, 
WP, 25, 2004092506,   , BEST,   0, 236N, 1302E, 115,  927, TY,  50, NEQ,   40,   35,   35,   35,    0,    0,   0, 140,   0, 
WP, 25, 2004092506,   , BEST,   0, 236N, 1302E, 115,  927, TY,  64, NEQ,   20,   20,   20,   20,    0,    0,   0, 140,   0, 
WP, 25, 2004092512,   , BEST,   0, 245N, 1291E, 110,  933, TY,  34, NEQ,  110,   60,   60,  110,    0,    0,   0, 135,   0, 
WP, 25, 2004092512,   , BEST,   0, 245N, 1291E, 110,  933, TY,  50, NEQ,   40,   30,   30,   40,    0,    0,   0, 135,   0, 
WP, 25, 2004092512,   , BEST,   0, 245N, 1291E, 110,  933, TY,  64, NEQ,   20,   20,   20,   20,    0,    0,   0, 135,   0, 
WP, 25, 2004092518,   , BEST,   0, 252N, 1279E, 115,  927, TY,  34, NEQ,  110,   60,   60,  110,    0,    0,   0, 130,   0, 
WP, 25, 2004092518,   , BEST,   0, 252N, 1279E, 115,  927, TY,  50, NEQ,   40,   30,   30,   40,    0,    0,   0, 130,   0, 
WP, 25, 2004092518,   , BEST,   0, 252N, 1279E, 115,  927, TY,  64, NEQ,   20,   20,   20,   20,    0,    0,   0, 130,   0, 
WP, 25, 2004092600,   , BEST,   0, 256N, 1266E, 105,  938, TY,  34, NEQ,  100,   60,   60,  100,    0,    0,   0, 110,   0, 
WP, 25, 2004092600,   , BEST,   0, 256N, 1266E, 105,  938, TY,  50, NEQ,   35,   30,   30,   35,    0,    0,   0, 110,   0, 
WP, 25, 2004092600,   , BEST,   0, 256N, 1266E, 105,  938, TY,  64, NEQ,   20,   20,   20,   20,    0,    0,   0, 110,   0, 
WP, 25, 2004092606,   , BEST,   0, 258N, 1256E, 100,  944, TY,  34, NEQ,  100,   75,   75,  100,    0,    0,   0, 110,   0, 
WP, 25, 2004092606,   , BEST,   0, 258N, 1256E, 100,  944, TY,  50, NEQ,   35,   35,   35,   35,    0,    0,   0, 110,   0, 
WP, 25, 2004092606,   , BEST,   0, 258N, 1256E, 100,  944, TY,  64, NEQ,   20,   20,   20,   20,    0,    0,   0, 110,   0, 
WP, 25, 2004092612,   , BEST,   0, 258N, 1251E, 100,  944, TY,  34, NEQ,  100,   60,   60,  100,    0,    0,   0, 125,   0, 
WP, 25, 2004092612,   , BEST,   0, 258N, 1251E, 100,  944, TY,  50, NEQ,   35,   30,   30,   35,    0,    0,   0, 125,   0, 
WP, 25, 2004092612,   , BEST,   0, 258N, 1251E, 100,  944, TY,  64, NEQ,   20,   20,   20,   20,    0,    0,   0, 125,   0, 
WP, 25, 2004092618,   , BEST,   0, 260N, 1248E, 105,  938, TY,  34, NEQ,  100,   60,   60,  100,    0,    0,   0, 130,   0, 
WP, 25, 2004092618,   , BEST,   0, 260N, 1248E, 105,  938, TY,  50, NEQ,   35,   30,   30,   35,    0,    0,   0, 130,   0, 
WP, 25, 2004092618,   , BEST,   0, 260N, 1248E, 105,  938, TY,  64, NEQ,   20,   20,   20,   20,    0,    0,   0, 130,   0, 
WP, 25, 2004092700,   , BEST,   0, 261N, 1249E, 105,  938, TY,  34, NEQ,   90,   70,   70,   90,    0,    0,   0, 130,   0, 
WP, 25, 2004092700,   , BEST,   0, 261N, 1249E, 105,  938, TY,  50, NEQ,   30,   30,   30,   30,    0,    0,   0, 130,   0, 
WP, 25, 2004092700,   , BEST,   0, 261N, 1249E, 105,  938, TY,  64, NEQ,   20,   20,   20,   20,    0,    0,   0, 130,   0, 
WP, 25, 2004092706,   , BEST,   0, 264N, 1250E, 105,  938, TY,  34, NEQ,  100,   90,   80,  100,    0,    0,   0, 130,   0, 
WP, 25, 2004092706,   , BEST,   0, 264N, 1250E, 105,  938, TY,  50, NEQ,   40,   35,   35,   40,    0,    0,   0, 130,   0, 
WP, 25, 2004092706,   , BEST,   0, 264N, 1250E, 105,  938, TY,  64, NEQ,   20,   20,   20,   20,    0,    0,   0, 130,   0, 
WP, 25, 2004092712,   , BEST,   0, 269N, 1255E,  90,  954, TY,  34, NEQ,  100,   90,   90,  100,    0,    0,   0, 110,   0, 
WP, 25, 2004092712,   , BEST,   0, 269N, 1255E,  90,  954, TY,  50, NEQ,   40,   35,   35,   40,    0,    0,   0, 110,   0, 
WP, 25, 2004092712,   , BEST,   0, 269N, 1255E,  90,  954, TY,  64, NEQ,   20,   20,   20,   20,    0,    0,   0, 110,   0, 
WP, 25, 2004092718,   , BEST,   0, 274N, 1260E,  80,  963, TY,  34, NEQ,   80,   70,   70,   80,    0,    0,   0, 105,   0, 
WP, 25, 2004092718,   , BEST,   0, 274N, 1260E,  80,  963, TY,  50, NEQ,   30,   30,   30,   30,    0,    0,   0, 105,   0, 
WP, 25, 2004092718,   , BEST,   0, 274N, 1260E,  80,  963, TY,  64, NEQ,   15,   15,   15,   15,    0,    0,   0, 105,   0, 
WP, 25, 2004092800,   , BEST,   0, 280N, 1265E,  80,  963, TY,  34, NEQ,   75,   60,   60,   75,    0,    0,   0,  90,   0, 
WP, 25, 2004092800,   , BEST,   0, 280N, 1265E,  80,  963, TY,  50, NEQ,   25,   25,   25,   25,    0,    0,   0,  90,   0, 
WP, 25, 2004092800,   , BEST,   0, 280N, 1265E,  80,  963, TY,  64, NEQ,   10,   10,   10,   10,    0,    0,   0,  90,   0, 
WP, 25, 2004092806,   , BEST,   0, 290N, 1271E,  75,  967, TY,  34, NEQ,   90,   75,   75,  120,    0,    0,   0,  90,   0, 
WP, 25, 2004092806,   , BEST,   0, 290N, 1271E,  75,  967, TY,  50, NEQ,   25,   25,   25,   25,    0,    0,   0,  90,   0, 
WP, 25, 2004092806,   , BEST,   0, 290N, 1271E,  75,  967, TY,  64, NEQ,   15,   15,   15,   15,    0,    0,   0,  90,   0, 
WP, 25, 2004092812,   , BEST,   0, 301N, 1279E,  75,  967, TY,  34, NEQ,  100,   85,   85,  130,    0,    0,   0,  90,   0, 
WP, 25, 2004092812,   , BEST,   0, 301N, 1279E,  75,  967, TY,  50, NEQ,   25,   25,   25,   25,    0,    0,   0,  90,   0, 
WP, 25, 2004092812,   , BEST,   0, 301N, 1279E,  75,  967, TY,  64, NEQ,   15,   15,   15,   15,    0,    0,   0,  90,   0, 
WP, 25, 2004092818,   , BEST,   0, 309N, 1291E,  65,  976, TY,  34, NEQ,  120,   75,   75,  120,    0,    0,   0,  85,   0, 
WP, 25, 2004092818,   , BEST,   0, 309N, 1291E,  65,  976, TY,  50, NEQ,   25,   25,   25,   25,    0,    0,   0,  85,   0, 
WP, 25, 2004092818,   , BEST,   0, 309N, 1291E,  65,  976, TY,  64, NEQ,   10,   10,   10,   10,    0,    0,   0,  85,   0, 
WP, 25, 2004092900,   , BEST,   0, 318N, 1305E,  65,  976, TY,  34, NEQ,   80,   60,  120,  120,    0,    0,   0,  85,   0, 
WP, 25, 2004092900,   , BEST,   0, 318N, 1305E,  65,  976, TY,  50, NEQ,   25,   25,   25,   25,    0,    0,   0,  85,   0, 
WP, 25, 2004092900,   , BEST,   0, 318N, 1305E,  65,  976, TY,  64, NEQ,   10,   10,   10,   10,    0,    0,   0,  85,   0, 
WP, 25, 2004092906,   , BEST,   0, 329N, 1329E,  60,  980, TS,  34, NEQ,   90,   80,  115,  110,    0,    0,   0,  75,   0, 
WP, 25, 2004092906,   , BEST,   0, 329N, 1329E,  60,  980, TS,  50, NEQ,   25,   25,   30,   30,    0,    0,   0,  75,   0, 
WP, 25, 2004092912,   , BEST,   0, 345N, 1350E,  55,  984, TS,  34, NEQ,   90,   80,  115,  100,    0,    0,   0,  70,   0, 
WP, 25, 2004092912,   , BEST,   0, 345N, 1350E,  55,  984, TS,  50, NEQ,   25,   25,   25,   25,    0,    0,   0,  70,   0, 
WP, 25, 2004092918,   , BEST,   0, 372N, 1378E,  40,  994, EX,  34, NEQ,   90,   80,  115,  100,    0,    0,   0,  45,   0, 
WP, 25, 2004093000,   , BEST,   0, 385N, 1425E,  35,  997, EX,  34, NEQ,   90,   80,  115,  100, 
