WP, 01, 2003011106,   , BEST,   0,  19N, 1798W,  15, 1006, TD,   0,    ,    0,    0,    0,    0, 
WP, 01, 2003011112,   , BEST,   0,  19N, 1796E,  15, 1006, TD,   0,    ,    0,    0,    0,    0, 
WP, 01, 2003011118,   , BEST,   0,  19N, 1790E,  15, 1006, TD,   0,    ,    0,    0,    0,    0, 
WP, 01, 2003011200,   , BEST,   0,  18N, 1785E,  15, 1006, TD,   0,    ,    0,    0,    0,    0, 
WP, 01, 2003011206,   , BEST,   0,  16N, 1780E,  15, 1006, TD,   0,    ,    0,    0,    0,    0, 
WP, 01, 2003011212,   , BEST,   0,  13N, 1776E,  15, 1006, TD,   0,    ,    0,    0,    0,    0, 
WP, 01, 2003011218,   , BEST,   0,  16N, 1772E,  15, 1006, TD,   0,    ,    0,    0,    0,    0, 
WP, 01, 2003011300,   , BEST,   0,  19N, 1768E,  15, 1006, TD,   0,    ,    0,    0,    0,    0, 
WP, 01, 2003011306,   , BEST,   0,  24N, 1762E,  15, 1006, TD,   0,    ,    0,    0,    0,    0, 
WP, 01, 2003011312,   , BEST,   0,  31N, 1751E,  15, 1006, TD,   0,    ,    0,    0,    0,    0, 
WP, 01, 2003011318,   , BEST,   0,  41N, 1734E,  20, 1004, TD,   0,    ,    0,    0,    0,    0, 
WP, 01, 2003011400,   , BEST,   0,  51N, 1715E,  25, 1002, TD,   0,    ,    0,    0,    0,    0, 
WP, 01, 2003011406,   , BEST,   0,  57N, 1697E,  25, 1002, TD,   0,    ,    0,    0,    0,    0, 
WP, 01, 2003011412,   , BEST,   0,  58N, 1682E,  25, 1002, TD,   0,    ,    0,    0,    0,    0, 
WP, 01, 2003011418,   , BEST,   0,  56N, 1668E,  25, 1002, TD,   0,    ,    0,    0,    0,    0, 
WP, 01, 2003011500,   , BEST,   0,  54N, 1656E,  25, 1002, TD,   0,    ,    0,    0,    0,    0, 1006,  120,  50,   0,   0, 
WP, 01, 2003011506,   , BEST,   0,  60N, 1641E,  25, 1004, TD,   0,    ,    0,    0,    0,    0, 1006,  120,  50,   0,   0, 
WP, 01, 2003011512,   , BEST,   0,  67N, 1625E,  25, 1002, TD,   0,    ,    0,    0,    0,    0, 1006,  120,  50,   0,   0, 
WP, 01, 2003011518,   , BEST,   0,  73N, 1608E,  30, 1000, TD,   0,    ,    0,    0,    0,    0, 1006,  120,  50,   0,   0, 
WP, 01, 2003011600,   , BEST,   0,  79N, 1592E,  30, 1000, TD,   0,    ,    0,    0,    0,    0, 1006,  120,  50,   0,   0, 
WP, 01, 2003011606,   , BEST,   0,  85N, 1578E,  30, 1000, TD,   0,    ,    0,    0,    0,    0, 1006,  120,  45,   0,   0, 
WP, 01, 2003011612,   , BEST,   0,  88N, 1563E,  30, 1000, TD,   0,    ,    0,    0,    0,    0, 1006,  120,  35,   0,   0, 
WP, 01, 2003011618,   , BEST,   0,  94N, 1547E,  30, 1000, TD,   0,    ,    0,    0,    0,    0, 1006,  120,  45,   0,   0, 
WP, 01, 2003011700,   , BEST,   0, 100N, 1530E,  35,  997, TS,  34, NEQ,   90,   60,   60,  120, 1006,  130,  45,   0,   0, 
WP, 01, 2003011706,   , BEST,   0, 109N, 1514E,  35,  997, TS,  34, NEQ,   90,   60,   60,  120, 1006,  130,  45,   0,   0, 
WP, 01, 2003011712,   , BEST,   0, 117N, 1499E,  30, 1002, TD,   0,    ,    0,    0,    0,    0, 1006,  120,  45,   0,   0, 
WP, 01, 2003011718,   , BEST,   0, 124N, 1485E,  35,  997, TS,   0,    ,    0,    0,    0,    0, 1006,  120,  45,   0,   0, 
WP, 01, 2003011800,   , BEST,   0, 132N, 1474E,  40,  994, TS,  34, NEQ,   90,   75,   75,   90, 1006,  130,  40,   0,   0, 
WP, 01, 2003011806,   , BEST,   0, 137N, 1467E,  45,  991, TS,  34, NEQ,   90,   75,   75,   90, 1006,  130,  40,   0,   0, 
WP, 01, 2003011812,   , BEST,   0, 141N, 1468E,  45,  991, TS,  34, NEQ,   90,   75,   75,   90, 1006,  130,  40,   0,   0, 
WP, 01, 2003011818,   , BEST,   0, 143N, 1474E,  50,  987, TS,  34, NEQ,   80,   80,   80,   80, 1006,  130,  40,   0,   0, 
WP, 01, 2003011900,   , BEST,   0, 145N, 1482E,  50,  987, TS,  34, NEQ,   85,   75,   75,   85, 1006,  130,  40,   0,   0, 
WP, 01, 2003011906,   , BEST,   0, 148N, 1490E,  45,  991, TS,  34, NEQ,   85,   75,   75,   85, 1006,  130,  40,   0,   0, 
WP, 01, 2003011912,   , BEST,   0, 154N, 1499E,  40,  994, TS,  34, NEQ,   85,   75,   75,   85, 1006,  130,  40,   0,   0, 
WP, 01, 2003011918,   , BEST,   0, 161N, 1509E,  40,  994, TS,  34, NEQ,   85,   75,   75,   85, 1006,  130,  40,   0,   0, 
WP, 01, 2003012000,   , BEST,   0, 167N, 1520E,  40,  994, TS,  34, NEQ,   85,   55,   55,   55, 1006,  120,  40,   0,   0, 
WP, 01, 2003012006,   , BEST,   0, 172N, 1534E,  35,  997, TS,  34, NEQ,   85,   55,   55,   55, 1006,  120,  40,   0,   0, 
WP, 01, 2003012012,   , BEST,   0, 176N, 1548E,  35,  997, TS,  34, NEQ,   85,   55,   55,   55, 1006,  120,  40,   0,   0, 
WP, 01, 2003012018,   , BEST,   0, 180N, 1559E,  30, 1000, TD,   0,    ,    0,    0,    0,    0, 
WP, 01, 2003012100,   , BEST,   0, 182N, 1563E,  25, 1002, TD,   0,    ,    0,    0,    0,    0, 1007,  120,  20,   0,   0, 
WP, 01, 2003012106,   , BEST,   0, 184N, 1566E,  20, 1004, TD,   0,    ,    0,    0,    0,    0, 
WP, 01, 2003012112,   , BEST,   0, 185N, 1569E,  20, 1004, TD,   0,    ,    0,    0,    0,    0, 
