WP, 05, 2003052406,   , BEST,   0, 155N, 1187E,  20, 1004, TD,   0,    ,    0,    0,    0,    0, 1005,  120,  30,   0,   0, 
WP, 05, 2003052412,   , BEST,   0, 160N, 1188E,  20, 1004, TD,   0,    ,    0,    0,    0,    0, 1005,  120,  30,   0,   0, 
WP, 05, 2003052418,   , BEST,   0, 163N, 1188E,  20, 1004, TD,   0,    ,    0,    0,    0,    0, 1005,  120,  30,   0,   0, 
WP, 05, 2003052500,   , BEST,   0, 165N, 1186E,  25, 1000, TD,   0,    ,    0,    0,    0,    0, 1005,  120,  60,   0,   0, 
WP, 05, 2003052506,   , BEST,   0, 165N, 1183E,  30, 1000, TD,   0,    ,    0,    0,    0,    0, 
WP, 05, 2003052512,   , BEST,   0, 164N, 1181E,  30, 1000, TD,   0,    ,    0,    0,    0,    0, 1004,  120,  60,   0,   0, 
WP, 05, 2003052518,   , BEST,   0, 161N, 1181E,  45,  991, TS,   0,    ,    0,    0,    0,    0, 1005,  120,  50,   0,   0, 
WP, 05, 2003052600,   , BEST,   0, 160N, 1184E,  45,  991, TS,  34, NEQ,   70,   70,   70,   70, 1005,  120,  40,   0,   0, 
WP, 05, 2003052606,   , BEST,   0, 161N, 1187E,  45,  991, TS,  34, NEQ,   70,   70,   70,   70, 1004,  120,  30,   0,   0, 
WP, 05, 2003052612,   , BEST,   0, 161N, 1190E,  45,  991, TS,  34, NEQ,   70,   70,   70,   70, 1004,  120,  30,   0,   0, 
WP, 05, 2003052618,   , BEST,   0, 161N, 1194E,  55,  984, TS,  34, NEQ,   85,   85,  105,  105, 1000,  120,  15,   0,   0, 
WP, 05, 2003052700,   , BEST,   0, 161N, 1198E,  55,  984, TS,   0,    ,    0,    0,    0,    0, 
WP, 05, 2003052706,   , BEST,   0, 161N, 1208E,  45,  991, TS,  34, NEQ,   85,   85,  105,  105, 1000,  120,  15,   0,   0, 
WP, 05, 2003052712,   , BEST,   0, 163N, 1218E,  35,  997, TS,  34, NEQ,   85,   85,  105,  105, 
WP, 05, 2003052718,   , BEST,   0, 163N, 1229E,  35,  997, TS,   0,    ,    0,    0,    0,    0, 
WP, 05, 2003052800,   , BEST,   0, 174N, 1237E,  30, 1000, TD,   0,    ,    0,    0,    0,    0, 
WP, 05, 2003052806,   , BEST,   0, 188N, 1240E,  30, 1000, TD,   0,    ,    0,    0,    0,    0, 
WP, 05, 2003052812,   , BEST,   0, 197N, 1250E,  30, 1000, TD,   0,    ,    0,    0,    0,    0, 1003,  120,  45,   0,   0, 
WP, 05, 2003052818,   , BEST,   0, 208N, 1256E,  30, 1000, TD,   0,    ,    0,    0,    0,    0, 1003,  120,  55,   0,   0, 
WP, 05, 2003052900,   , BEST,   0, 218N, 1263E,  35,  997, TS,   0,    ,    0,    0,    0,    0, 1003,  120,  55,   0,   0, 
WP, 05, 2003052906,   , BEST,   0, 226N, 1272E,  35,  997, TS,  34, NEQ,   55,   55,   20,   20, 1000,  110,  15,   0,   0, 
WP, 05, 2003052912,   , BEST,   0, 234N, 1281E,  45,  991, TS,  34, NEQ,   65,   65,   20,   20, 1000,  110,  20,   0,   0, 
WP, 05, 2003052918,   , BEST,   0, 244N, 1293E,  55,  984, TS,  34, NEQ,  100,  100,   40,   40, 1000,  130,  20,   0,   0, 
WP, 05, 2003053000,   , BEST,   0, 258N, 1301E,  55,  984, TS,  34, NEQ,  140,  140,   60,   60, 1000,  160,  25,   0,   0, 
WP, 05, 2003053006,   , BEST,   0, 278N, 1310E,  55,  984, TS,  34, NEQ,  140,  140,   50,   50, 1000,  160,  25,   0,   0, 
WP, 05, 2003053012,   , BEST,   0, 299N, 1316E,  55,  984, TS,  34, NEQ,  170,  170,   60,   60, 1000,  170,  20,   0,   0, 
WP, 05, 2003053018,   , BEST,   0, 320N, 1320E,  50,  987, TS,  34, NEQ,  170,  170,   60,   60, 1000,  170,  20,   0,   0, 
