WP, 07, 2003060700,   , BEST,   0,  82N, 1558E,  15, 1006, TD,   0,    ,    0,    0,    0,    0, 
WP, 07, 2003060706,   , BEST,   0,  82N, 1538E,  15, 1006, TD,   0,    ,    0,    0,    0,    0, 
WP, 07, 2003060712,   , BEST,   0,  81N, 1522E,  15, 1006, TD,   0,    ,    0,    0,    0,    0, 
WP, 07, 2003060718,   , BEST,   0,  82N, 1514E,  15, 1006, TD,   0,    ,    0,    0,    0,    0, 
WP, 07, 2003060800,   , BEST,   0,  82N, 1508E,  15, 1006, TD,   0,    ,    0,    0,    0,    0, 1008,  110,  45,   0,   0, 
WP, 07, 2003060806,   , BEST,   0,  83N, 1502E,  15, 1006, TD,   0,    ,    0,    0,    0,    0, 
WP, 07, 2003060812,   , BEST,   0,  84N, 1497E,  15, 1006, TD,   0,    ,    0,    0,    0,    0, 
WP, 07, 2003060818,   , BEST,   0,  86N, 1491E,  15, 1006, TD,   0,    ,    0,    0,    0,    0, 
WP, 07, 2003060900,   , BEST,   0,  87N, 1484E,  15, 1006, TD,   0,    ,    0,    0,    0,    0, 
WP, 07, 2003060906,   , BEST,   0,  88N, 1474E,  15, 1006, TD,   0,    ,    0,    0,    0,    0, 
WP, 07, 2003060912,   , BEST,   0,  89N, 1463E,  15, 1006, TD,   0,    ,    0,    0,    0,    0, 
WP, 07, 2003060918,   , BEST,   0,  91N, 1454E,  20, 1004, TD,   0,    ,    0,    0,    0,    0, 1008,  100,  40,   0,   0, 
WP, 07, 2003061000,   , BEST,   0,  94N, 1446E,  20, 1004, TD,   0,    ,    0,    0,    0,    0, 1008,  100,  40,   0,   0, 
WP, 07, 2003061006,   , BEST,   0,  95N, 1438E,  20, 1004, TD,   0,    ,    0,    0,    0,    0, 1008,  100,  40,   0,   0, 
WP, 07, 2003061012,   , BEST,   0,  96N, 1429E,  20, 1004, TD,   0,    ,    0,    0,    0,    0, 1008,  100,  40,   0,   0, 
WP, 07, 2003061018,   , BEST,   0,  96N, 1418E,  20, 1004, TD,   0,    ,    0,    0,    0,    0, 1008,  100,  40,   0,   0, 
WP, 07, 2003061100,   , BEST,   0,  96N, 1407E,  20, 1004, TD,   0,    ,    0,    0,    0,    0, 1008,  100,  40,   0,   0, 
WP, 07, 2003061106,   , BEST,   0,  96N, 1395E,  20, 1004, TD,   0,    ,    0,    0,    0,    0, 1008,  100,  40,   0,   0, 
WP, 07, 2003061112,   , BEST,   0,  94N, 1384E,  20, 1004, TD,   0,    ,    0,    0,    0,    0, 1008,  100,  40,   0,   0, 
WP, 07, 2003061118,   , BEST,   0,  94N, 1372E,  25, 1002, TD,   0,    ,    0,    0,    0,    0, 1008,  100,  40,   0,   0, 
WP, 07, 2003061200,   , BEST,   0,  95N, 1359E,  25, 1002, TD,   0,    ,    0,    0,    0,    0, 1008,  100,  40,   0,   0, 
WP, 07, 2003061206,   , BEST,   0,  98N, 1347E,  30, 1000, TD,   0,    ,    0,    0,    0,    0, 1008,  100,  35,   0,   0, 
WP, 07, 2003061212,   , BEST,   0, 101N, 1338E,  30, 1000, TD,   0,    ,    0,    0,    0,    0, 1008,  100,  35,   0,   0, 
WP, 07, 2003061218,   , BEST,   0, 104N, 1329E,  30, 1000, TD,   0,    ,    0,    0,    0,    0, 1006,  100,  35,   0,   0, 
WP, 07, 2003061300,   , BEST,   0, 108N, 1317E,  35,  997, TS,   0,    ,    0,    0,    0,    0, 1006,  100,  40,   0,   0, 
WP, 07, 2003061306,   , BEST,   0, 113N, 1304E,  45,  991, TS,  34, NEQ,   80,   80,   80,   80, 1006,  110,  40,   0,   0, 
WP, 07, 2003061312,   , BEST,   0, 115N, 1291E,  45,  991, TS,  34, NEQ,   80,   80,   80,   80, 1006,  110,  35,   0,   0, 
WP, 07, 2003061318,   , BEST,   0, 115N, 1282E,  50,  987, TS,  34, NEQ,  100,  100,  130,  130, 1005,  120,  30,   0,   0, 
WP, 07, 2003061400,   , BEST,   0, 114N, 1274E,  50,  987, TS,  34, NEQ,  100,  100,  130,  130, 1005,  120,  30,   0,   0, 
WP, 07, 2003061406,   , BEST,   0, 120N, 1270E,  45,  991, TS,  34, NEQ,  100,  100,  100,  100, 1005,  150,  30,   0,   0, 
WP, 07, 2003061412,   , BEST,   0, 124N, 1266E,  45,  991, TS,  34, NEQ,  110,  100,  100,  100, 1005,  165,  30,   0,   0, 
WP, 07, 2003061418,   , BEST,   0, 131N, 1264E,  45,  991, TS,  34, NEQ,  100,  100,  100,  100, 1005,  120,  30,   0,   0, 
WP, 07, 2003061500,   , BEST,   0, 138N, 1262E,  45,  991, TS,  34, NEQ,  100,  100,  100,  100, 1005,  120,  30,   0,   0, 
WP, 07, 2003061506,   , BEST,   0, 144N, 1259E,  50,  987, TS,  34, NEQ,  100,  100,  100,  100, 1005,  120,  30,   0,   0, 
WP, 07, 2003061512,   , BEST,   0, 149N, 1254E,  55,  984, TS,  34, NEQ,  130,  110,  100,  100, 1005,  195,  25,   0,   0, 
WP, 07, 2003061518,   , BEST,   0, 156N, 1249E,  60,  980, TS,  34, NEQ,  130,  110,  100,  100, 1005,  120,  25,   0,   0, 
WP, 07, 2003061600,   , BEST,   0, 165N, 1245E,  60,  980, TS,  34, NEQ,  130,  110,  100,  100, 1005,  120,  25,   0,   0, 
WP, 07, 2003061606,   , BEST,   0, 173N, 1240E,  60,  980, TS,  34, NEQ,  130,  120,  110,  100, 1005,  120,  25,   0,   0, 
WP, 07, 2003061612,   , BEST,   0, 181N, 1234E,  60,  980, TS,  34, NEQ,  130,  120,  110,  100, 1005,  120,  25,   0,   0, 
WP, 07, 2003061618,   , BEST,   0, 190N, 1230E,  65,  976, TY,  34, NEQ,  130,  130,  130,  130, 1005,  140,  20,   0,  15, 
WP, 07, 2003061700,   , BEST,   0, 200N, 1231E,  75,  967, TY,  34, NEQ,  130,  130,  130,  130, 1005,  140,  20,   0,  15, 
WP, 07, 2003061706,   , BEST,   0, 208N, 1232E,  75,  967, TY,  34, NEQ,  150,  150,  120,  120, 1005,  140,  35,   0,  30, 
WP, 07, 2003061712,   , BEST,   0, 221N, 1236E,  75,  967, TY,  34, NEQ,  150,  150,  120,  120, 1004,  140,  35,   0,  30, 
WP, 07, 2003061718,   , BEST,   0, 236N, 1238E,  90,  954, TY,  34, NEQ,  150,  150,  120,  120, 1004,  160,  25,   0,  10, 
WP, 07, 2003061800,   , BEST,   0, 252N, 1239E, 100,  944, TY,  34, NEQ,  160,  160,  120,  120, 1004,  170,  15,   0,  15, 
WP, 07, 2003061806,   , BEST,   0, 262N, 1245E, 115,  927, TY,  34, NEQ,  160,  160,  160,  160, 1004,  180,  15,   0,  20, 
WP, 07, 2003061812,   , BEST,   0, 278N, 1254E, 115,  927, TY,  34, NEQ,  160,  140,  140,  160, 1004,  180,  15,   0,  20, 
WP, 07, 2003061818,   , BEST,   0, 304N, 1271E,  85,  958, TY,  34, NEQ,  120,   80,   60,  100, 1002,  130,  15,   0,   0, 
WP, 07, 2003061900,   , BEST,   0, 325N, 1285E,  70,  972, TY,  34, NEQ,  120,   80,   60,  120, 1003,  130,  15,   0,   0, 
WP, 07, 2003061906,   , BEST,   0, 354N, 1301E,  65,  976, TY,  34, NEQ,  120,   80,   60,  120, 1003,  130,  20,   0,   0, 
WP, 07, 2003061912,   , BEST,   0, 374N, 1325E,  55,  984, TS,   0,    ,    0,    0,    0,    0, 
WP, 07, 2003061918,   , BEST,   0, 392N, 1349E,  45,  991, TS,   0,    ,    0,    0,    0,    0, 
WP, 07, 2003062000,   , BEST,   0, 405N, 1372E,  45,  991, TS,   0,    ,    0,    0,    0,    0, 
