WP, 12, 2003081400,   , BEST,   0,  70N, 1554E,  20, 1004, TD,   0,    ,    0,    0,    0,    0, 
WP, 12, 2003081406,   , BEST,   0,  74N, 1544E,  20, 1004, TD,   0,    ,    0,    0,    0,    0, 
WP, 12, 2003081412,   , BEST,   0,  80N, 1534E,  20, 1004, TD,   0,    ,    0,    0,    0,    0, 
WP, 12, 2003081418,   , BEST,   0,  87N, 1524E,  20, 1004, TD,   0,    ,    0,    0,    0,    0, 
WP, 12, 2003081500,   , BEST,   0,  92N, 1514E,  20, 1004, TD,   0,    ,    0,    0,    0,    0, 
WP, 12, 2003081506,   , BEST,   0,  96N, 1507E,  25, 1002, TD,   0,    ,    0,    0,    0,    0, 1008,  135,  35,   0,   0, 
WP, 12, 2003081512,   , BEST,   0, 100N, 1501E,  25, 1002, TD,   0,    ,    0,    0,    0,    0, 1008,  135,  35,   0,   0, 
WP, 12, 2003081518,   , BEST,   0, 104N, 1495E,  25, 1002, TD,   0,    ,    0,    0,    0,    0, 1008,  135,  40,   0,   0, 
WP, 12, 2003081600,   , BEST,   0, 108N, 1489E,  25, 1002, TD,   0,    ,    0,    0,    0,    0, 1008,  135,  45,   0,   0, 
WP, 12, 2003081606,   , BEST,   0, 116N, 1480E,  25, 1002, TD,   0,    ,    0,    0,    0,    0, 1008,  135,  45,   0,   0, 
WP, 12, 2003081612,   , BEST,   0, 125N, 1470E,  25, 1002, TD,   0,    ,    0,    0,    0,    0, 1008,  135,  45,   0,   0, 
WP, 12, 2003081618,   , BEST,   0, 133N, 1459E,  25, 1002, TD,   0,    ,    0,    0,    0,    0, 1008,  135,  45,   0,   0, 
WP, 12, 2003081700,   , BEST,   0, 137N, 1448E,  25, 1002, TD,   0,    ,    0,    0,    0,    0, 1008,  135,  45,   0,   0, 
WP, 12, 2003081706,   , BEST,   0, 142N, 1437E,  25, 1002, TD,   0,    ,    0,    0,    0,    0, 1008,  135,  45,   0,   0, 
WP, 12, 2003081712,   , BEST,   0, 152N, 1428E,  25, 1002, TD,   0,    ,    0,    0,    0,    0, 1008,  135,  45,   0,   0, 
WP, 12, 2003081718,   , BEST,   0, 161N, 1419E,  25, 1002, TD,   0,    ,    0,    0,    0,    0, 1008,  135,  45,   0,   0, 
WP, 12, 2003081800,   , BEST,   0, 170N, 1409E,  25, 1002, TD,   0,    ,    0,    0,    0,    0, 
WP, 12, 2003081806,   , BEST,   0, 176N, 1397E,  25, 1002, TD,   0,    ,    0,    0,    0,    0, 
WP, 12, 2003081812,   , BEST,   0, 177N, 1384E,  25, 1002, TD,   0,    ,    0,    0,    0,    0, 1008,  120,  45,   0,   0, 
WP, 12, 2003081818,   , BEST,   0, 183N, 1373E,  25, 1002, TD,   0,    ,    0,    0,    0,    0, 1008,  120,  45,   0,   0, 
WP, 12, 2003081900,   , BEST,   0, 195N, 1366E,  25, 1002, TD,   0,    ,    0,    0,    0,    0, 1008,  120,  45,   0,   0, 
WP, 12, 2003081906,   , BEST,   0, 203N, 1354E,  30, 1000, TD,   0,    ,    0,    0,    0,    0, 1007,  120,  45,   0,   0, 
WP, 12, 2003081912,   , BEST,   0, 203N, 1343E,  30, 1000, TD,   0,    ,    0,    0,    0,    0, 1007,  120,  45,   0,   0, 
WP, 12, 2003081918,   , BEST,   0, 202N, 1335E,  30, 1000, TD,   0,    ,    0,    0,    0,    0, 1007,  120,  40,   0,   0, 
WP, 12, 2003082000,   , BEST,   0, 200N, 1327E,  30, 1000, TD,   0,    ,    0,    0,    0,    0, 1007,  120,  35,   0,   0, 
WP, 12, 2003082006,   , BEST,   0, 195N, 1321E,  35,  997, TS,   0,    ,    0,    0,    0,    0, 1007,  120,  35,   0,   0, 
WP, 12, 2003082012,   , BEST,   0, 190N, 1314E,  45,  991, TS,  34, NEQ,   60,   50,   50,   60, 1006,  120,  35,   0,   0, 
WP, 12, 2003082018,   , BEST,   0, 187N, 1304E,  45,  991, TS,  34, NEQ,  100,  100,  100,  100, 1006,  150,  35,   0,   0, 
WP, 12, 2003082100,   , BEST,   0, 186N, 1293E,  60,  980, TS,  34, NEQ,  100,  100,  100,  100, 1004,  120,  30,   0,   0, 
WP, 12, 2003082106,   , BEST,   0, 185N, 1282E,  65,  976, TY,  34, NEQ,  100,  100,  120,  100, 1004,  120,  30,   0,   0, 
WP, 12, 2003082112,   , BEST,   0, 182N, 1271E,  65,  976, TY,  34, NEQ,  100,  100,  120,  100, 1004,  120,  30,   0,   0, 
WP, 12, 2003082118,   , BEST,   0, 178N, 1259E,  75,  967, TY,  34, NEQ,  100,  100,  100,  100, 1003,  150,  20,   0,  15, 
WP, 12, 2003082200,   , BEST,   0, 177N, 1245E,  90,  954, TY,  34, NEQ,  100,  100,  120,  100, 1002,  140,  15,   0,  20, 
WP, 12, 2003082206,   , BEST,   0, 177N, 1233E,  90,  954, TY,  34, NEQ,  110,  110,   85,  110, 1002,  150,  20,   0,  25, 
WP, 12, 2003082212,   , BEST,   0, 176N, 1221E,  80,  963, TY,  34, NEQ,  100,  100,   80,  100, 1002,  150,  20,   0,   0, 
WP, 12, 2003082218,   , BEST,   0, 171N, 1206E,  70,  972, TY,  34, NEQ,  100,  100,   80,  100, 1002,  135,  25,   0,   0, 
WP, 12, 2003082300,   , BEST,   0, 175N, 1192E,  70,  972, TY,  34, NEQ,  100,  100,   80,  100, 1002,  135,  25,   0,   0, 
WP, 12, 2003082306,   , BEST,   0, 176N, 1179E,  70,  972, TY,  34, NEQ,  100,  100,   80,  100, 1002,  135,  25,   0,   0, 
WP, 12, 2003082312,   , BEST,   0, 179N, 1168E,  70,  972, TY,  34, NEQ,   80,  100,  100,  100, 1002,  135,  25,   0,   0, 
WP, 12, 2003082318,   , BEST,   0, 183N, 1158E,  70,  972, TD,   0,    ,    0,    0,    0,    0, 
WP, 12, 2003082400,   , BEST,   0, 188N, 1147E,  75,  967, TY,  34, NEQ,  110,  100,   80,  110, 1002,  135,  25,   0,   0, 
WP, 12, 2003082406,   , BEST,   0, 192N, 1134E,  80,  963, TY,  34, NEQ,  120,  120,  120,   90, 1001,  135,  25,   0,   0, 
WP, 12, 2003082412,   , BEST,   0, 196N, 1122E,  85,  958, TY,  34, NEQ,  120,  120,  120,   90, 1001,  135,  25,   0,  45, 
WP, 12, 2003082418,   , BEST,   0, 200N, 1111E,  85,  958, TY,  34, NEQ,  120,  105,  100,  105, 1001,  135,  25,   0,   0, 
WP, 12, 2003082500,   , BEST,   0, 204N, 1100E,  80,  963, TY,  34, NEQ,  120,  105,  100,  105, 1001,  135,  25,   0,   0, 
WP, 12, 2003082506,   , BEST,   0, 208N, 1089E,  90,  954, TY,  34, NEQ,  130,  130,  130,  105,  999,  130,  20,   0,  30, 
WP, 12, 2003082512,   , BEST,   0, 212N, 1078E,  90,  954, TY,  34, NEQ,  130,  130,  130,  105,  999,  130,  20,   0,  30, 
WP, 12, 2003082518,   , BEST,   0, 215N, 1067E,  65,  976, TY,   0,    ,    0,    0,    0,    0, 
WP, 12, 2003082600,   , BEST,   0, 223N, 1052E,  50,  987, TS,   0,    ,    0,    0,    0,    0, 
