WP, 22, 2003102100,   , BEST,   0, 114N, 1124E,  25, 1002, TD,   0,    ,    0,    0,    0,    0, 
WP, 22, 2003102106,   , BEST,   0, 117N, 1122E,  25, 1002, TD,   0,    ,    0,    0,    0,    0, 
WP, 22, 2003102112,   , BEST,   0, 120N, 1125E,  25, 1002, TD,   0,    ,    0,    0,    0,    0, 
WP, 22, 2003102118,   , BEST,   0, 119N, 1133E,  25, 1002, TD,   0,    ,    0,    0,    0,    0, 
WP, 22, 2003102200,   , BEST,   0, 119N, 1141E,  25, 1002, TD,   0,    ,    0,    0,    0,    0, 1006,  130,  60,   0,   0, 
WP, 22, 2003102206,   , BEST,   0, 118N, 1149E,  25, 1002, TD,   0,    ,    0,    0,    0,    0, 1006,  130,  60,   0,   0, 
WP, 22, 2003102212,   , BEST,   0, 116N, 1158E,  25, 1002, TD,   0,    ,    0,    0,    0,    0, 1006,  130,  60,   0,   0, 
WP, 22, 2003102218,   , BEST,   0, 114N, 1167E,  25, 1002, TD,   0,    ,    0,    0,    0,    0, 1006,  130,  60,   0,   0, 
WP, 22, 2003102300,   , BEST,   0, 111N, 1179E,  25, 1002, TD,   0,    ,    0,    0,    0,    0, 1006,  130,  60,   0,   0, 
WP, 22, 2003102306,   , BEST,   0, 109N, 1192E,  25, 1002, TD,   0,    ,    0,    0,    0,    0, 1006,  130,  60,   0,   0, 
WP, 22, 2003102312,   , BEST,   0, 109N, 1206E,  25, 1002, TD,   0,    ,    0,    0,    0,    0, 1006,  130,  60,   0,   0, 
WP, 22, 2003102318,   , BEST,   0, 110N, 1214E,  20, 1004, TD,   0,    ,    0,    0,    0,    0, 1006,  130,  60,   0,   0, 
WP, 22, 2003102400,   , BEST,   0, 109N, 1221E,  20, 1004, TD,   0,    ,    0,    0,    0,    0, 
