WP, 03, 2002031818,   , BEST,   0,  40N, 1382E,  25, 1002, TD,  35, NEQ,    0,    0,    0,    0, 1008,  140,  40,   0,   0, 
WP, 03, 2002031900,   , BEST,   0,  47N, 1363E,  25, 1002, TD,  35, NEQ,    0,    0,    0,    0, 1008,  140,  40,   0,   0, 
WP, 03, 2002031906,   , BEST,   0,  56N, 1345E,  25, 1002, TD,  35, NEQ,    0,    0,    0,    0, 1008,  140,  40,   0,   0, 
WP, 03, 2002031912,   , BEST,   0,  62N, 1332E,  25, 1002, TD,  35, NEQ,    0,    0,    0,    0, 1008,  140,  40,   0,   0, 
WP, 03, 2002031918,   , BEST,   0,  65N, 1322E,  25, 1002, TD,  35, NEQ,    0,    0,    0,    0, 1008,  100,  40,   0,   0, 
WP, 03, 2002032000,   , BEST,   0,  65N, 1311E,  25, 1002, TD,  35, NEQ,    0,    0,    0,    0, 1008,  100,  40,   0,   0, 
WP, 03, 2002032006,   , BEST,   0,  66N, 1301E,  30, 1000, TD,  35, NEQ,    0,    0,    0,    0, 1008,  100,  40,   0,   0, 
WP, 03, 2002032012,   , BEST,   0,  67N, 1292E,  30, 1000, TD,  35, NEQ,    0,    0,    0,    0, 1007,  100,  40,   0,   0, 
WP, 03, 2002032018,   , BEST,   0,  67N, 1285E,  30, 1000, TD,  35, NEQ,    0,    0,    0,    0, 1007,  100,  60,   0,   0, 
WP, 03, 2002032100,   , BEST,   0,  70N, 1276E,  30, 1000, TD,  35, NEQ,    0,    0,    0,    0, 1006,  100,  60,   0,   0, 
WP, 03, 2002032106,   , BEST,   0,  74N, 1267E,  30, 1000, TD,  35, NEQ,    0,    0,    0,    0, 1006,  100,  60,   0,   0, 
WP, 03, 2002032112,   , BEST,   0,  82N, 1259E,  30, 1002, TD,  35, NEQ,    0,    0,    0,    0, 1006,  100,  60,   0,   0, 
WP, 03, 2002032118,   , BEST,   0,  90N, 1250E,  25, 1002, TD,  35, NEQ,    0,    0,    0,    0, 1006,  100,  60,   0,   0, 
WP, 03, 2002032200,   , BEST,   0,  97N, 1240E,  30, 1000, TD,  35, NEQ,    0,    0,    0,    0, 1006,  100,  60,   0,   0, 
WP, 03, 2002032206,   , BEST,   0, 103N, 1230E,  30, 1000, TD,  35, NEQ,    0,    0,    0,    0, 1006,  100,  60,   0,   0, 
WP, 03, 2002032212,   , BEST,   0, 108N, 1218E,  30, 1000, TD,  35, NEQ,    0,    0,    0,    0, 1006,  100,  60,   0,   0, 
WP, 03, 2002032218,   , BEST,   0, 110N, 1205E,  30, 1000, TD,  35, NEQ,    0,    0,    0,    0, 1006,  100,  50,   0,   0, 
WP, 03, 2002032300,   , BEST,   0, 111N, 1193E,  30, 1000, TD,  35, NEQ,    0,    0,    0,    0, 1006,  100,  45,   0,   0, 
WP, 03, 2002032306,   , BEST,   0, 112N, 1181E,  30, 1000, TD,  35, NEQ,    0,    0,    0,    0, 1007,  100,  45,   0,   0, 
WP, 03, 2002032312,   , BEST,   0, 112N, 1169E,  30, 1000, TD,  35, NEQ,    0,    0,    0,    0, 1006,  120,  45,   0,   0, 
WP, 03, 2002032318,   , BEST,   0, 112N, 1158E,  30, 1000, TD,  35, NEQ,    0,    0,    0,    0, 1006,  120,  45,   0,   0, 
WP, 03, 2002032400,   , BEST,   0, 114N, 1147E,  30, 1000, TD,  35, NEQ,    0,    0,    0,    0, 1006,  120,  45,   0,   0, 
WP, 03, 2002032406,   , BEST,   0, 120N, 1141E,  25, 1002, TD,  35, NEQ,    0,    0,    0,    0, 1008,  120,  45,   0,   0, 
WP, 03, 2002032412,   , BEST,   0, 128N, 1138E,  25, 1002, TD,  35, NEQ,    0,    0,    0,    0, 1007,  120,  30,   0,   0, 
WP, 03, 2002032418,   , BEST,   0, 133N, 1136E,  20, 1004, TD,   0,    ,    0,    0,    0,    0, 
WP, 03, 2002032500,   , BEST,   0, 138N, 1135E,  20, 1004, TD,   0,    ,    0,    0,    0,    0, 
WP, 03, 2002032506,   , BEST,   0, 142N, 1133E,  20, 1004, TD,   0,    ,    0,    0,    0,    0, 
