WP, 16, 2002080200,   , BEST,   0, 188N, 1191E,  25, 1002, TD,  34, NEQ,    0,    0,    0,    0, 1003,  130,  70,   0,   0, 
WP, 16, 2002080206,   , BEST,   0, 189N, 1185E,  30, 1000, TD,  34, NEQ,    0,    0,    0,    0, 1003,  130,  70,   0,   0, 
WP, 16, 2002080212,   , BEST,   0, 193N, 1181E,  30, 1000, TD,  34, NEQ,    0,    0,    0,    0, 1003,  130,  70,   0,   0, 
WP, 16, 2002080218,   , BEST,   0, 198N, 1178E,  30, 1000, TD,  34, NEQ,    0,    0,    0,    0, 1002,  130,  70,   0,   0, 
WP, 16, 2002080300,   , BEST,   0, 204N, 1173E,  30, 1000, TD,  34, NEQ,    0,    0,    0,    0, 1002,  130,  70,   0,   0, 
WP, 16, 2002080306,   , BEST,   0, 209N, 1163E,  30, 1000, TD,  34, NEQ,    0,    0,    0,    0, 1002,  130,  70,   0,   0, 
WP, 16, 2002080312,   , BEST,   0, 210N, 1157E,  35,  997, TS,  34, NEQ,    0,    0,    0,    0,  998,  130,  70,   0,   0, 
WP, 16, 2002080318,   , BEST,   0, 210N, 1154E,  40,  994, TS,  34, NEQ,   50,   60,   60,   55,  998,  130,  30,   0,   0, 
WP, 16, 2002080400,   , BEST,   0, 210N, 1151E,  45,  991, TS,  34, NEQ,   60,  120,  120,   70,  997,  140,  30,   0,   0, 
WP, 16, 2002080406,   , BEST,   0, 212N, 1152E,  45,  991, TS,  34, NEQ,   60,  120,  120,   70,  997,  140,  30,   0,   0, 
WP, 16, 2002080412,   , BEST,   0, 215N, 1153E,  45,  989, TS,  34, NEQ,   60,  120,  120,   70,  994,  140,  30,   0,   0, 
WP, 16, 2002080418,   , BEST,   0, 221N, 1155E,  50,  987, TS,  34, NEQ,   60,  120,  120,   70,  994,  140,  30,   0,   0, 
WP, 16, 2002080500,   , BEST,   0, 230N, 1156E,  50,  987, TS,  34, NEQ,   70,  120,  120,   70,  994,  140,  30,   0,   0, 
WP, 16, 2002080506,   , BEST,   0, 240N, 1156E,  30, 1000, TD,   0,    ,    0,    0,    0,    0, 
WP, 16, 2002080512,   , BEST,   0, 250N, 1157E,  20, 1004, TD,   0,    ,    0,    0,    0,    0, 
WP, 16, 2002080518,   , BEST,   0, 259N, 1156E,  20, 1004, TD,   0,    ,    0,    0,    0,    0, 
