WP, 24, 2002092100,   , BEST,   0, 134N, 1135E,  15, 1006, TD,   0,    ,    0,    0,    0,    0, 
WP, 24, 2002092106,   , BEST,   0, 135N, 1133E,  15, 1006, TD,   0,    ,    0,    0,    0,    0, 
WP, 24, 2002092112,   , BEST,   0, 136N, 1134E,  15, 1006, TD,   0,    ,    0,    0,    0,    0, 
WP, 24, 2002092118,   , BEST,   0, 136N, 1136E,  15, 1006, TD,   0,    ,    0,    0,    0,    0, 
WP, 24, 2002092200,   , BEST,   0, 135N, 1139E,  15, 1006, TD,   0,    ,    0,    0,    0,    0, 
WP, 24, 2002092206,   , BEST,   0, 138N, 1140E,  15, 1006, TD,  34, NEQ,    0,    0,    0,    0, 1008,  150,  15,   0,   0, 
WP, 24, 2002092212,   , BEST,   0, 141N, 1138E,  20, 1004, TD,  34, NEQ,    0,    0,    0,    0, 1008,  150,  15,   0,   0, 
WP, 24, 2002092218,   , BEST,   0, 141N, 1133E,  20, 1004, TD,  34, NEQ,    0,    0,    0,    0, 1008,  130,  15,   0,   0, 
WP, 24, 2002092300,   , BEST,   0, 144N, 1127E,  20, 1004, TD,  34, NEQ,    0,    0,    0,    0, 1008,  130,  15,   0,   0, 
WP, 24, 2002092306,   , BEST,   0, 146N, 1123E,  25, 1002, TD,  34, NEQ,    0,    0,    0,    0, 1008,  130,  15,   0,   0, 
WP, 24, 2002092312,   , BEST,   0, 150N, 1118E,  25, 1002, TD,  34, NEQ,    0,    0,    0,    0, 1006,  130,  45,   0,   0, 
WP, 24, 2002092318,   , BEST,   0, 153N, 1114E,  25, 1002, TD,  34, NEQ,    0,    0,    0,    0, 1006,  120,  50,   0,   0, 
WP, 24, 2002092400,   , BEST,   0, 157N, 1109E,  30, 1000, TD,  34, NEQ,    0,    0,    0,    0, 1006,  120,  40,   0,   0, 
WP, 24, 2002092406,   , BEST,   0, 160N, 1105E,  30, 1000, TD,  34, NEQ,    0,    0,    0,    0, 1006,  120,  40,   0,   0, 
WP, 24, 2002092412,   , BEST,   0, 165N, 1102E,  35,  997, TS,  34, NEQ,    0,    0,    0,    0, 1006,  120,  40,   0,   0, 
WP, 24, 2002092418,   , BEST,   0, 171N, 1100E,  40,  994, TS,  34, NEQ,   50,   60,   60,   40, 1007,  150,  40,   0,   0, 
WP, 24, 2002092500,   , BEST,   0, 176N, 1097E,  50,  987, TS,  34, NEQ,   50,   60,   60,   40, 1007,  150,  20,   0,   0, 
WP, 24, 2002092506,   , BEST,   0, 181N, 1095E,  50,  987, TS,  34, NEQ,   50,   60,   60,   40, 1007,  150,  20,   0,   0, 
WP, 24, 2002092512,   , BEST,   0, 184N, 1093E,  55,  995, TS,  34, NEQ,   50,   60,   60,   40, 1005,  140,  20,   0,   0, 
WP, 24, 2002092518,   , BEST,   0, 188N, 1090E,  55,  984, TS,  34, NEQ,   60,   60,   55,   55, 1005,  140,  20,   0,   0, 
WP, 24, 2002092600,   , BEST,   0, 192N, 1088E,  45,  991, TS,  34, NEQ,   40,   70,   70,   60, 1005,  140,  20,   0,   0, 
WP, 24, 2002092606,   , BEST,   0, 196N, 1085E,  45,  991, TS,  34, NEQ,   40,   70,   70,   60, 1005,  140,  20,   0,   0, 
WP, 24, 2002092612,   , BEST,   0, 200N, 1084E,  40,  994, TS,  34, NEQ,   40,   70,   70,   60, 1005,  140,  20,   0,   0, 
WP, 24, 2002092618,   , BEST,   0, 207N, 1084E,  35,  997, TS,  34, NEQ,    0,    0,    0,    0, 1005,  130,  25,   0,   0, 
WP, 24, 2002092700,   , BEST,   0, 213N, 1084E,  30, 1000, TD,  34, NEQ,    0,    0,    0,    0, 1005,  120,  35,   0,   0, 
WP, 24, 2002092706,   , BEST,   0, 215N, 1087E,  25, 1002, TD,  34, NEQ,    0,    0,    0,    0, 1005,  120,  35,   0,   0, 
WP, 24, 2002092712,   , BEST,   0, 214N, 1089E,  25, 1002, TD,   0,    ,    0,    0,    0,    0, 
WP, 24, 2002092718,   , BEST,   0, 213N, 1091E,  25, 1002, TD,   0,    ,    0,    0,    0,    0, 
WP, 24, 2002092800,   , BEST,   0, 212N, 1095E,  20, 1004, TD,   0,    ,    0,    0,    0,    0, 
