WP, 27, 2002101600,   , BEST,   0, 183N, 1616E,  15, 1006, TD,   0,    ,    0,    0,    0,    0, 
WP, 27, 2002101606,   , BEST,   0, 183N, 1606E,  20, 1008, TD,  34, NEQ,    0,    0,    0,    0, 1009,  110,  20,   0,   0, 
WP, 27, 2002101612,   , BEST,   0, 182N, 1596E,  20, 1004, TD,  34, NEQ,    0,    0,    0,    0, 1007,  110,  20,   0,   0, 
WP, 27, 2002101618,   , BEST,   0, 180N, 1585E,  20, 1004, TD,  34, NEQ,    0,    0,    0,    0, 1007,  110,  20,   0,   0, 
WP, 27, 2002101700,   , BEST,   0, 177N, 1574E,  25, 1002, TD,  34, NEQ,    0,    0,    0,    0, 1004,  120,  20,   0,   0, 
WP, 27, 2002101706,   , BEST,   0, 174N, 1565E,  25, 1002, TD,  34, NEQ,    0,    0,    0,    0, 1006,  120,  50,   0,   0, 
WP, 27, 2002101712,   , BEST,   0, 171N, 1556E,  25, 1002, TD,  34, NEQ,    0,    0,    0,    0, 1006,  120,  50,   0,   0, 
WP, 27, 2002101718,   , BEST,   0, 168N, 1548E,  25, 1002, TD,  34, NEQ,    0,    0,    0,    0, 1006,  100,  50,   0,   0, 
WP, 27, 2002101800,   , BEST,   0, 165N, 1540E,  30, 1000, TD,  34, NEQ,    0,    0,    0,    0, 1006,  100,  50,   0,   0, 
WP, 27, 2002101806,   , BEST,   0, 163N, 1533E,  30, 1000, TD,  34, NEQ,    0,    0,    0,    0, 1006,  100,  50,   0,   0, 
WP, 27, 2002101812,   , BEST,   0, 162N, 1527E,  30, 1000, TD,  34, NEQ,    0,    0,    0,    0, 1006,  100,  50,   0,   0, 
WP, 27, 2002101818,   , BEST,   0, 161N, 1520E,  30, 1000, TD,  34, NEQ,    0,    0,    0,    0, 1006,  110,  50,   0,   0, 
WP, 27, 2002101900,   , BEST,   0, 163N, 1507E,  25, 1002, TD,  34, NEQ,    0,    0,    0,    0, 1006,  110,  50,   0,   0, 
WP, 27, 2002101906,   , BEST,   0, 164N, 1495E,  25, 1002, TD,   0,    ,    0,    0,    0,    0, 
WP, 27, 2002101912,   , BEST,   0, 165N, 1483E,  20, 1004, TD,   0,    ,    0,    0,    0,    0, 
WP, 27, 2002101918,   , BEST,   0, 169N, 1472E,  20, 1004, TD,   0,    ,    0,    0,    0,    0, 
WP, 27, 2002102000,   , BEST,   0, 173N, 1461E,  20, 1004, TD,   0,    ,    0,    0,    0,    0, 
WP, 27, 2002102006,   , BEST,   0, 180N, 1455E,  15, 1006, TD,   0,    ,    0,    0,    0,    0, 
WP, 27, 2002102012,   , BEST,   0, 191N, 1459E,  15, 1006, TD,   0,    ,    0,    0,    0,    0, 
