WP, 11, 2001072506,   , BEST,   0, 143N, 1347E,  20, 1005, TD,  35, NEQ,    0,    0,    0,    0, 1006,  120,  50,   0,   0, 
WP, 11, 2001072512,   , BEST,   0, 145N, 1338E,  25, 1002, TD,  35, NEQ,    0,    0,    0,    0, 1006,  120,  50,   0,   0, 
WP, 11, 2001072518,   , BEST,   0, 150N, 1328E,  25, 1002, TD,  35, NEQ,    0,    0,    0,    0, 1004,  120,  70,   0,   0, 
WP, 11, 2001072600,   , BEST,   0, 157N, 1319E,  25, 1002, TD,   0,    ,    0,    0,    0,    0, 
WP, 11, 2001072606,   , BEST,   0, 162N, 1308E,  25, 1002, TD,  35, NEQ,    0,    0,    0,    0, 1005,  120,  60,   0,   0, 
WP, 11, 2001072612,   , BEST,   0, 166N, 1296E,  25, 1002, TD,  35, NEQ,    0,    0,    0,    0, 1005,  120,  50,   0,   0, 
WP, 11, 2001072618,   , BEST,   0, 168N, 1283E,  35,  997, TS,  35, NEQ,    0,    0,    0,    0, 1004,  120,  50,   0,   0, 
WP, 11, 2001072700,   , BEST,   0, 170N, 1274E,  40,  994, TS,  35, NEQ,   50,   50,   40,   40, 1005,   75,  50,   0,   0, 
WP, 11, 2001072706,   , BEST,   0, 172N, 1268E,  50,  987, TS,  35, NEQ,   70,   70,   50,   50, 1005,  120,  50,   0,   0, 
WP, 11, 2001072712,   , BEST,   0, 176N, 1261E,  55,  984, TS,  35, NEQ,  100,  100,   80,   80, 1005,  150,  45,   0,   0, 
WP, 11, 2001072718,   , BEST,   0, 178N, 1256E,  75,  967, TY,  35, NEQ,  120,  120,  120,  120, 1006,  240,  45,   0,   0, 
WP, 11, 2001072800,   , BEST,   0, 183N, 1248E,  75,  967, TY,  35, NEQ,  120,  120,  120,  120, 1006,  240,  45,   0,   0, 
WP, 11, 2001072806,   , BEST,   0, 191N, 1242E,  90,  954, TY,  35, NEQ,  180,  180,  180,  180, 1006,  220,  35,   0,   0, 
WP, 11, 2001072812,   , BEST,   0, 197N, 1237E,  90,  954, TY,  35, NEQ,  180,  180,  180,  180, 1006,  220,  35,   0,   0, 
WP, 11, 2001072818,   , BEST,   0, 205N, 1231E,  90,  954, TY,  35, NEQ,  180,  180,  180,  180, 1006,  220,  35,   0,   0, 
WP, 11, 2001072900,   , BEST,   0, 213N, 1228E,  90,  954, TY,  35, NEQ,  180,  180,  180,  180, 1006,  220,  35,   0,   0, 
WP, 11, 2001072906,   , BEST,   0, 222N, 1224E,  90,  954, TY,  35, NEQ,  180,  180,  180,  180, 1006,  220,  35,   0,   0, 
WP, 11, 2001072912,   , BEST,   0, 232N, 1220E,  95,  949, TY,  35, NEQ,  180,  180,  180,  180, 1006,  220,  35,   0,   0, 
WP, 11, 2001072918,   , BEST,   0, 238N, 1213E, 100,  944, TY,  35, NEQ,  185,  185,  185,  185, 1006,  220,  40,   0,   0, 
WP, 11, 2001073000,   , BEST,   0, 243N, 1210E,  90,  954, TY,  35, NEQ,  180,  180,  180,  180, 1006,  220,  35,   0,   0, 
WP, 11, 2001073006,   , BEST,   0, 251N, 1206E,  75,  967, TY,  35, NEQ,  180,  180,  180,  180, 1006,  210,  35,   0,   0, 
WP, 11, 2001073012,   , BEST,   0, 256N, 1202E,  75,  967, TY,  35, NEQ,  160,  160,  160,  160, 1006,  240,  35,   0,   0, 
WP, 11, 2001073018,   , BEST,   0, 262N, 1198E,  55,  984, TS,  35, NEQ,  130,  130,  100,  100, 1004,  180,  35,   0,   0, 
WP, 11, 2001073100,   , BEST,   0, 268N, 1195E,  45,  991, TS,   0,    ,    0,    0,    0,    0, 
WP, 11, 2001073106,   , BEST,   0, 274N, 1193E,  35,  997, TS,   0,    ,    0,    0,    0,    0, 
WP, 11, 2001073112,   , BEST,   0, 286N, 1198E,  30, 1000, TD,   0,    ,    0,    0,    0,    0, 
