WP, 05, 2004051400,   , BEST,   0,  92N, 1138E,  25, 1002, TD,   0,    ,    0,    0,    0,    0, 
WP, 05, 2004051406,   , BEST,   0,  94N, 1132E,  25, 1002, TD,   0,    ,    0,    0,    0,    0, 1008,  150,  40,   0,   0, 
WP, 05, 2004051412,   , BEST,   0,  96N, 1126E,  25, 1002, TD,   0,    ,    0,    0,    0,    0, 1008,  150,  40,   0,   0, 
WP, 05, 2004051418,   , BEST,   0,  97N, 1120E,  25, 1002, TD,   0,    ,    0,    0,    0,    0, 1006,  130,  40,   0,   0, 
WP, 05, 2004051500,   , BEST,   0,  97N, 1114E,  25, 1002, TD,   0,    ,    0,    0,    0,    0, 1006,  130,  40,   0,   0, 
WP, 05, 2004051506,   , BEST,   0,  95N, 1109E,  25, 1002, TD,   0,    ,    0,    0,    0,    0, 1006,  130,  40,   0,   0, 
WP, 05, 2004051512,   , BEST,   0,  95N, 1104E,  25, 1002, TD,   0,    ,    0,    0,    0,    0, 1006,  130,  40,   0,   0, 
WP, 05, 2004051518,   , BEST,   0,  96N, 1099E,  25, 1002, TD,   0,    ,    0,    0,    0,    0, 1006,  130,  40,   0,   0, 
WP, 05, 2004051600,   , BEST,   0,  99N, 1095E,  30, 1000, TD,   0,    ,    0,    0,    0,    0, 1006,  130,  40,   0,   0, 
WP, 05, 2004051606,   , BEST,   0,  97N, 1089E,  35,  997, TS,  34, NEQ,   30,   60,   60,   30, 1006,  130,  40,   0,   0, 
WP, 05, 2004051612,   , BEST,   0,  97N, 1082E,  30, 1000, TD,   0,    ,    0,    0,    0,    0, 1006,  130,  40,   0,   0, 
WP, 05, 2004051618,   , BEST,   0, 100N, 1088E,  30, 1000, TD,   0,    ,    0,    0,    0,    0, 1006,  130,  40,   0,   0, 
WP, 05, 2004051700,   , BEST,   0, 103N, 1091E,  30, 1000, TD,   0,    ,    0,    0,    0,    0, 1006,  120,  40,   0,   0, 
WP, 05, 2004051706,   , BEST,   0, 100N, 1094E,  25, 1002, TD,   0,    ,    0,    0,    0,    0, 1008,  100,  40,   0,   0, 
WP, 05, 2004051712,   , BEST,   0, 101N, 1098E,  25, 1002, TD,   0,    ,    0,    0,    0,    0, 
WP, 05, 2004051718,   , BEST,   0, 103N, 1101E,  25, 1002, TD,   0,    ,    0,    0,    0,    0, 
WP, 05, 2004051800,   , BEST,   0, 105N, 1104E,  25, 1002, TD,   0,    ,    0,    0,    0,    0, 
WP, 05, 2004051806,   , BEST,   0, 107N, 1107E,  25, 1002, TD,   0,    ,    0,    0,    0,    0, 
WP, 05, 2004051812,   , BEST,   0, 110N, 1109E,  25, 1002, TD,   0,    ,    0,    0,    0,    0, 
