WP, 08, 2004060512,   , BEST,   0,  67N, 1417E,  25, 1002, DB,   0,    ,    0,    0,    0,    0, 1007,  120,  55,   0,   0, 
WP, 08, 2004060518,   , BEST,   0,  65N, 1412E,  20, 1004, DB,   0,    ,    0,    0,    0,    0, 1007,  120,  55,   0,   0, 
WP, 08, 2004060600,   , BEST,   0,  64N, 1407E,  20, 1004, DB,   0,    ,    0,    0,    0,    0, 1007,  120,  55,   0,   0, 
WP, 08, 2004060606,   , BEST,   0,  65N, 1402E,  20, 1004, DB,   0,    ,    0,    0,    0,    0, 
WP, 08, 2004060612,   , BEST,   0,  66N, 1396E,  20, 1004, DB,   0,    ,    0,    0,    0,    0, 
WP, 08, 2004060618,   , BEST,   0,  69N, 1387E,  20, 1004, DB,   0,    ,    0,    0,    0,    0, 
WP, 08, 2004060700,   , BEST,   0,  73N, 1376E,  20, 1004, DB,   0,    ,    0,    0,    0,    0, 
WP, 08, 2004060706,   , BEST,   0,  76N, 1360E,  20, 1004, DB,   0,    ,    0,    0,    0,    0, 
WP, 08, 2004060712,   , BEST,   0,  80N, 1343E,  20, 1004, DB,   0,    ,    0,    0,    0,    0, 
WP, 08, 2004060718,   , BEST,   0,  85N, 1324E,  20, 1004, DB,   0,    ,    0,    0,    0,    0, 
WP, 08, 2004060800,   , BEST,   0,  90N, 1306E,  20, 1004, DB,   0,    ,    0,    0,    0,    0, 1007,  120,  55,   0,   0, 
WP, 08, 2004060806,   , BEST,   0,  91N, 1288E,  20, 1004, DB,   0,    ,    0,    0,    0,    0, 1008,  120,  60,   0,   0, 
WP, 08, 2004060812,   , BEST,   0,  92N, 1274E,  30, 1000, TD,   0,    ,    0,    0,    0,    0, 1008,  120,  60,   0,   0, 
WP, 08, 2004060818,   , BEST,   0,  96N, 1263E,  30, 1000, TD,   0,    ,    0,    0,    0,    0, 1008,  120,  60,   0,   0, 
WP, 08, 2004060900,   , BEST,   0, 106N, 1254E,  35,  997, TS,  34, NEQ,   50,   50,   50,   50,    0,    0,   0,  50,   0, 
WP, 08, 2004060906,   , BEST,   0, 109N, 1241E,  35,  997, TS,  34, NEQ,   50,   50,   50,   50,    0,    0,   0,  50,   0, 
WP, 08, 2004060912,   , BEST,   0, 110N, 1227E,  40,  994, TS,  34, NEQ,   55,   55,   55,   55, 
WP, 08, 2004060918,   , BEST,   0, 111N, 1213E,  45,  991, TS,  34, NEQ,   60,   60,   60,   60,    0,    0,   0,  55,   0, 
WP, 08, 2004061000,   , BEST,   0, 114N, 1202E,  45,  991, TS,  34, NEQ,   60,   60,   60,   60,    0,    0,   0,  55,   0, 
WP, 08, 2004061006,   , BEST,   0, 116N, 1191E,  45,  991, TS,  34, NEQ,   60,   60,   60,   60,    0,    0,   0,  50,   0, 
WP, 08, 2004061012,   , BEST,   0, 121N, 1182E,  45,  991, TS,  34, NEQ,   60,   60,   60,   60,    0,    0,   0,  55,   0, 
WP, 08, 2004061018,   , BEST,   0, 124N, 1172E,  45,  991, TS,  34, NEQ,   60,   60,   60,   60,    0,    0,   0,  55,   0, 
WP, 08, 2004061100,   , BEST,   0, 127N, 1162E,  45,  991, TS,  34, NEQ,   60,   60,   60,   60,    0,    0,   0,  55,   0, 
WP, 08, 2004061106,   , BEST,   0, 131N, 1152E,  50,  987, TS,  34, NEQ,   70,   65,   65,   70,    0,    0,   0,  65,   0, 
WP, 08, 2004061112,   , BEST,   0, 133N, 1141E,  55,  984, TS,  34, NEQ,   75,   65,   65,   75,    0,    0,   0,  70,   0, 
WP, 08, 2004061112,   , BEST,   0, 133N, 1141E,  55,  984, TS,  50, NEQ,   15,   15,   15,   15,    0,    0,   0,  70,   0, 
WP, 08, 2004061118,   , BEST,   0, 136N, 1129E,  60,  980, TS,  34, NEQ,   75,   65,   65,   75,    0,    0,   0,  75,   0, 
WP, 08, 2004061118,   , BEST,   0, 136N, 1129E,  60,  980, TS,  50, NEQ,   15,   15,   15,   15,    0,    0,   0,  75,   0, 
WP, 08, 2004061200,   , BEST,   0, 139N, 1116E,  65,  976, TY,  34, NEQ,   85,   65,   65,   75,    0,    0,   0,  80,   0, 
WP, 08, 2004061200,   , BEST,   0, 139N, 1116E,  65,  976, TY,  50, NEQ,   30,   30,   30,   30,    0,    0,   0,  80,   0, 
WP, 08, 2004061200,   , BEST,   0, 139N, 1116E,  65,  976, TY,  64, NEQ,   15,   15,   15,   15,    0,    0,   0,  80,   0, 
WP, 08, 2004061206,   , BEST,   0, 140N, 1102E,  75,  967, TY,  34, NEQ,   85,   65,   65,   75,    0,    0,   0,  90,   0, 
WP, 08, 2004061206,   , BEST,   0, 140N, 1102E,  75,  967, TY,  50, NEQ,   30,   30,   30,   30,    0,    0,   0,  90,   0, 
WP, 08, 2004061206,   , BEST,   0, 140N, 1102E,  75,  967, TY,  64, NEQ,   15,   15,   15,   15,    0,    0,   0,  90,   0, 
WP, 08, 2004061212,   , BEST,   0, 139N, 1087E,  65,  976, TY,  34, NEQ,   85,   65,   60,   60,    0,    0,   0,  85,   0, 
WP, 08, 2004061212,   , BEST,   0, 139N, 1087E,  65,  976, TY,  50, NEQ,   30,   30,   20,   20,    0,    0,   0,  85,   0, 
WP, 08, 2004061212,   , BEST,   0, 139N, 1087E,  65,  976, TY,  64, NEQ,   15,   15,   10,   10,    0,    0,   0,  85,   0, 
WP, 08, 2004061218,   , BEST,   0, 138N, 1076E,  50,  987, TS,  34, NEQ,   85,   65,   60,   60,    0,    0,   0,  70,   0, 
WP, 08, 2004061218,   , BEST,   0, 138N, 1076E,  50,  987, TS,  50, NEQ,   30,   30,   20,   20,    0,    0,   0,  70,   0, 
WP, 08, 2004061300,   , BEST,   0, 140N, 1061E,  35,  997, TS,  34, NEQ,   85,   65,   60,   60,    0,    0,   0,  45,   0, 
