WP, 15, 2004080200,   , BEST,   0, 223N, 1480E,  20, 1004, DB,   0,    ,    0,    0,    0,    0, 
WP, 15, 2004080206,   , BEST,   0, 229N, 1476E,  20, 1004, DB,   0,    ,    0,    0,    0,    0, 1008,  135,  40,   0,   0, 
WP, 15, 2004080212,   , BEST,   0, 235N, 1472E,  20, 1004, DB,   0,    ,    0,    0,    0,    0, 1008,  135,  40,   0,   0, 
WP, 15, 2004080218,   , BEST,   0, 240N, 1463E,  20, 1004, DB,   0,    ,    0,    0,    0,    0, 1008,  135,  40,   0,   0, 
WP, 15, 2004080300,   , BEST,   0, 247N, 1448E,  20, 1004, DB,   0,    ,    0,    0,    0,    0, 
WP, 15, 2004080306,   , BEST,   0, 258N, 1432E,  20, 1004, DB,   0,    ,    0,    0,    0,    0, 
WP, 15, 2004080312,   , BEST,   0, 269N, 1415E,  25, 1002, DB,   0,    ,    0,    0,    0,    0, 
WP, 15, 2004080318,   , BEST,   0, 283N, 1398E,  30, 1000, DB,   0,    ,    0,    0,    0,    0, 1008,  100,  40,   0,   0, 
WP, 15, 2004080400,   , BEST,   0, 301N, 1379E,  35,  997, TS,   0,    ,    0,    0,    0,    0,    0,    0,   0,  35,   0, 
WP, 15, 2004080406,   , BEST,   0, 320N, 1360E,  35,  997, TS,   0,    ,    0,    0,    0,    0,    0,    0,   0,  40,   0, 
WP, 15, 2004080412,   , BEST,   0, 335N, 1349E,  30,  998, TD,   0,    ,    0,    0,    0,    0, 1004,   80,  30,   0,   0, 
WP, 15, 2004080418,   , BEST,   0, 357N, 1342E,  30, 1000, TD,   0,    ,    0,    0,    0,    0,    0,    0,   0,  40,   0, 
WP, 15, 2004080500,   , BEST,   0, 376N, 1350E,  30, 1000, TD,   0,    ,    0,    0,    0,    0,    0,    0,   0,  40,   0, 
WP, 15, 2004080506,   , BEST,   0, 390N, 1362E,  30, 1000, EX,   0,    ,    0,    0,    0,    0,    0,    0,   0,  40,   0, 
