WP, 21, 2004082506,   , BEST,   0, 130N, 1540E,  15, 1006, DB,   0,    ,    0,    0,    0,    0, 
WP, 21, 2004082512,   , BEST,   0, 130N, 1536E,  15, 1006, DB,   0,    ,    0,    0,    0,    0, 
WP, 21, 2004082518,   , BEST,   0, 131N, 1531E,  20, 1004, DB,   0,    ,    0,    0,    0,    0, 
WP, 21, 2004082600,   , BEST,   0, 133N, 1525E,  20, 1004, DB,   0,    ,    0,    0,    0,    0, 
WP, 21, 2004082606,   , BEST,   0, 135N, 1519E,  25, 1002, TD,   0,    ,    0,    0,    0,    0,    0,    0,   0,  35,   0, 
WP, 21, 2004082612,   , BEST,   0, 137N, 1513E,  30, 1000, TD,   0,    ,    0,    0,    0,    0,    0,    0,   0,  40,   0, 
WP, 21, 2004082618,   , BEST,   0, 139N, 1507E,  30, 1000, TD,   0,    ,    0,    0,    0,    0,    0,    0,   0,  45,   0, 
WP, 21, 2004082700,   , BEST,   0, 142N, 1500E,  30, 1000, TD,   0,    ,    0,    0,    0,    0,    0,    0,   0,  45,   0, 
WP, 21, 2004082706,   , BEST,   0, 146N, 1493E,  30, 1000, TD,   0,    ,    0,    0,    0,    0,    0,    0,   0,  45,   0, 
WP, 21, 2004082712,   , BEST,   0, 152N, 1484E,  30, 1000, TD,   0,    ,    0,    0,    0,    0,    0,    0,   0,  40,   0, 
WP, 21, 2004082718,   , BEST,   0, 157N, 1476E,  30, 1000, TD,   0,    ,    0,    0,    0,    0, 
WP, 21, 2004082800,   , BEST,   0, 160N, 1463E,  25, 1002, TD,   0,    ,    0,    0,    0,    0,    0,    0,   0,  40,   0, 
WP, 21, 2004082806,   , BEST,   0, 159N, 1454E,  20, 1004, TD,   0,    ,    0,    0,    0,    0,    0,    0,   0,  30,   0, 
