WP, 24, 2004091018,   , BEST,   0, 230N, 1196E,  20, 1004, DB,   0,    ,    0,    0,    0,    0, 1004,  120,  40,   0,   0, 
WP, 24, 2004091100,   , BEST,   0, 230N, 1201E,  25, 1002, TD,   0,    ,    0,    0,    0,    0, 
WP, 24, 2004091106,   , BEST,   0, 230N, 1208E,  25, 1002, TD,   0,    ,    0,    0,    0,    0, 1004,  100,  40,   0,   0, 
WP, 24, 2004091112,   , BEST,   0, 235N, 1218E,  25, 1002, TD,   0,    ,    0,    0,    0,    0, 1004,  100,  40,   0,   0, 
WP, 24, 2004091118,   , BEST,   0, 242N, 1222E,  35,  997, TS,   0,    ,    0,    0,    0,    0, 
WP, 24, 2004091200,   , BEST,   0, 248N, 1222E,  35,  997, TS,   0,    ,    0,    0,    0,    0, 
WP, 24, 2004091206,   , BEST,   0, 255N, 1222E,  30, 1000, TD,   0,    ,    0,    0,    0,    0, 1004,   90,  40,   0,   0, 
WP, 24, 2004091212,   , BEST,   0, 261N, 1221E,  30, 1000, TD,   0,    ,    0,    0,    0,    0, 
WP, 24, 2004091218,   , BEST,   0, 267N, 1219E,  30, 1000, TD,   0,    ,    0,    0,    0,    0,    0,    0,   0,  40,   0, 
WP, 24, 2004091300,   , BEST,   0, 273N, 1216E,  30, 1000, TD,   0,    ,    0,    0,    0,    0,    0,    0,   0,  40,   0, 
WP, 24, 2004091306,   , BEST,   0, 280N, 1209E,  30, 1000, TD,   0,    ,    0,    0,    0,    0, 
WP, 24, 2004091312,   , BEST,   0, 285N, 1201E,  30, 1000, TD,   0,    ,    0,    0,    0,    0, 
