WP, 10, 2001072212,   , BEST,   0, 187N, 1267E,  25, 1002, TD,   0,    ,    0,    0,    0,    0, 
WP, 10, 2001072218,   , BEST,   0, 191N, 1254E,  25, 1002, TD,  35, NEQ,    0,    0,    0,    0, 1008,  120,  45,   0,   0, 
WP, 10, 2001072300,   , BEST,   0, 196N, 1239E,  25, 1002, TD,  35, NEQ,    0,    0,    0,    0, 1008,  120,  45,   0,   0, 
WP, 10, 2001072306,   , BEST,   0, 200N, 1226E,  30, 1000, TD,  35, NEQ,    0,    0,    0,    0, 1006,  120,  45,   0,   0, 
WP, 10, 2001072312,   , BEST,   0, 201N, 1211E,  35,  997, TS,  35, NEQ,    0,    0,    0,    0, 1005,  120,  45,   0,   0, 
WP, 10, 2001072318,   , BEST,   0, 202N, 1197E,  35,  997, TS,  35, NEQ,    0,    0,    0,    0, 1005,  120,  45,   0,   0, 
WP, 10, 2001072400,   , BEST,   0, 204N, 1183E,  55,  984, TS,  35, NEQ,   35,   35,   35,   35, 1005,   52,  50,   0,   0, 
WP, 10, 2001072406,   , BEST,   0, 205N, 1169E,  70,  972, TY,  35, NEQ,   70,   70,   60,   60, 1005,  105,  40,   0,   0, 
WP, 10, 2001072412,   , BEST,   0, 206N, 1157E,  85,  958, TY,  35, NEQ,   90,   90,   90,   90, 1005,  135,  35,   0,   0, 
WP, 10, 2001072418,   , BEST,   0, 207N, 1146E,  85,  958, TY,  35, NEQ,   90,   90,   90,   90, 1005,  135,  35,   0,   0, 
WP, 10, 2001072500,   , BEST,   0, 206N, 1139E,  85,  958, TY,  35, NEQ,   90,   90,   90,   90, 1005,  135,  35,   0,   0, 
WP, 10, 2001072506,   , BEST,   0, 208N, 1131E,  80,  963, TY,  35, NEQ,   90,   90,   90,   90, 1002,  135,  25,   0,   0, 
WP, 10, 2001072512,   , BEST,   0, 212N, 1124E,  80,  963, TY,  35, NEQ,   90,   90,   90,   90, 1002,  135,  25,   0,   0, 
WP, 10, 2001072518,   , BEST,   0, 214N, 1112E,  75,  967, TY,  35, NEQ,   60,   90,  120,   60, 1000,  180,  15,   0,   0, 
WP, 10, 2001072600,   , BEST,   0, 216N, 1104E,  60,  980, TS,   0,    ,    0,    0,    0,    0, 
WP, 10, 2001072606,   , BEST,   0, 218N, 1096E,  45,  991, TS,   0,    ,    0,    0,    0,    0, 
WP, 10, 2001072612,   , BEST,   0, 221N, 1088E,  35,  997, TS,   0,    ,    0,    0,    0,    0, 
WP, 10, 2001072618,   , BEST,   0, 224N, 1081E,  25, 1002, TD,   0,    ,    0,    0,    0,    0, 
