WP, 18, 2001082706,   , BEST,   0, 187N, 1168E,  15, 1000, TD,  35, NEQ,    0,    0,    0,    0, 1002,  180,  40,   0,   0, 
WP, 18, 2001082712,   , BEST,   0, 189N, 1155E,  15,  998, TD,  35, NEQ,    0,    0,    0,    0, 1001,  150,  40,   0,   0, 
WP, 18, 2001082718,   , BEST,   0, 191N, 1144E,  15, 1006, TD,  35, NEQ,    0,    0,    0,    0, 1001,  180,  60,   0,   0, 
WP, 18, 2001082800,   , BEST,   0, 192N, 1136E,  20, 1004, TD,  35, NEQ,    0,    0,    0,    0, 1001,  200,  90,   0,   0, 
WP, 18, 2001082806,   , BEST,   0, 192N, 1133E,  20, 1004, TD,  35, NEQ,    0,    0,    0,    0, 1003,  180,  90,   0,   0, 
WP, 18, 2001082812,   , BEST,   0, 192N, 1130E,  20, 1004, TD,  35, NEQ,    0,    0,    0,    0, 1000,  180,  90,   0,   0, 
WP, 18, 2001082818,   , BEST,   0, 193N, 1125E,  20, 1004, TD,   0,    ,    0,    0,    0,    0, 
WP, 18, 2001082900,   , BEST,   0, 194N, 1121E,  25,  997, TD,  35, NEQ,    0,    0,    0,    0, 1001,  220,  60,   0,   0, 
WP, 18, 2001082906,   , BEST,   0, 196N, 1114E,  25, 1002, TD,  35, NEQ,    0,    0,    0,    0, 1003,  220, 100,   0,   0, 
WP, 18, 2001082912,   , BEST,   0, 196N, 1107E,  25, 1002, TD,   0,    ,    0,    0,    0,    0, 
WP, 18, 2001082918,   , BEST,   0, 197N, 1102E,  25,  997, TD,  35, NEQ,    0,    0,    0,    0, 1001,  180, 100,   0,   0, 
WP, 18, 2001083000,   , BEST,   0, 198N, 1097E,  30,  994, TD,  35, NEQ,    0,    0,    0,    0, 1003,  180, 100,   0,   0, 
WP, 18, 2001083006,   , BEST,   0, 200N, 1093E,  30, 1000, TD,  35, NEQ,    0,    0,    0,    0, 1001,  180,  80,   0,   0, 
WP, 18, 2001083012,   , BEST,   0, 202N, 1090E,  35,  997, TS,  35, NEQ,    0,    0,    0,    0, 1001,  180,  30,   0,   0, 
WP, 18, 2001083018,   , BEST,   0, 206N, 1089E,  35,  997, TS,  35, NEQ,    0,    0,    0,    0, 1001,  180,  30,   0,   0, 
WP, 18, 2001083100,   , BEST,   0, 210N, 1087E,  45,  991, TS,  35, NEQ,   65,   65,   45,   45, 1001,  180,  30,   0,   0, 
WP, 18, 2001083106,   , BEST,   0, 213N, 1086E,  40,  994, TS,  35, NEQ,   50,   50,   50,   50, 1001,   75,  30,   0,   0, 
WP, 18, 2001083112,   , BEST,   0, 215N, 1086E,  30,  997, TD,   0,    ,    0,    0,    0,    0, 
WP, 18, 2001083118,   , BEST,   0, 217N, 1086E,  25, 1002, TD,   0,    ,    0,    0,    0,    0, 
WP, 18, 2001090100,   , BEST,   0, 220N, 1088E,  25, 1002, TD,   0,    ,    0,    0,    0,    0, 
