WP, 09, 2003071500,   , BEST,   0,  36N, 1500E,  15, 1006, TD,   0,    ,    0,    0,    0,    0, 
WP, 09, 2003071506,   , BEST,   0,  36N, 1489E,  15, 1006, TD,   0,    ,    0,    0,    0,    0, 
WP, 09, 2003071512,   , BEST,   0,  36N, 1477E,  15, 1006, TD,   0,    ,    0,    0,    0,    0, 
WP, 09, 2003071518,   , BEST,   0,  37N, 1465E,  15, 1006, TD,   0,    ,    0,    0,    0,    0, 1009,  140,  45,   0,   0, 
WP, 09, 2003071600,   , BEST,   0,  43N, 1456E,  20, 1006, TD,   0,    ,    0,    0,    0,    0, 1009,  125,  45,   0,   0, 
WP, 09, 2003071606,   , BEST,   0,  51N, 1449E,  20, 1004, TD,   0,    ,    0,    0,    0,    0, 1008,  125,  45,   0,   0, 
WP, 09, 2003071612,   , BEST,   0,  58N, 1441E,  20, 1003, TD,   0,    ,    0,    0,    0,    0, 1008,  135,  45,   0,   0, 
WP, 09, 2003071618,   , BEST,   0,  66N, 1432E,  25, 1002, TD,   0,    ,    0,    0,    0,    0, 1008,  135,  45,   0,   0, 
WP, 09, 2003071700,   , BEST,   0,  74N, 1422E,  30, 1000, TD,   0,    ,    0,    0,    0,    0, 1008,  135,  45,   0,   0, 
WP, 09, 2003071706,   , BEST,   0,  82N, 1411E,  30, 1000, TD,   0,    ,    0,    0,    0,    0, 1008,  135,  45,   0,   0, 
WP, 09, 2003071712,   , BEST,   0,  88N, 1402E,  40,  994, TS,  34, NEQ,  120,  100,  100,  120, 1008,  135,  45,   0,   0, 
WP, 09, 2003071718,   , BEST,   0,  93N, 1394E,  45,  991, TS,  34, NEQ,  100,  100,  130,  130, 1007,  135,  35,   0,   0, 
WP, 09, 2003071800,   , BEST,   0,  97N, 1386E,  50,  987, TS,  34, NEQ,  100,  100,  130,  130, 1007,  135,  35,   0,   0, 
WP, 09, 2003071806,   , BEST,   0,  99N, 1377E,  55,  984, TS,  34, NEQ,  100,   95,  125,  130, 1007,  135,  35,   0,   0, 
WP, 09, 2003071812,   , BEST,   0, 101N, 1369E,  55,  984, TS,  34, NEQ,  100,   95,  125,  130, 1007,  135,  35,   0,   0, 
WP, 09, 2003071818,   , BEST,   0, 104N, 1361E,  65,  976, TY,  34, NEQ,  100,   95,  125,  130, 1007,  135,  20,   0,   0, 
WP, 09, 2003071900,   , BEST,   0, 104N, 1353E,  65,  976, TY,  34, NEQ,  140,  120,  120,  120, 1007,  150,  20,   0,   0, 
WP, 09, 2003071906,   , BEST,   0, 105N, 1346E,  75,  976, TY,  34, NEQ,  140,  120,  120,  120, 1003,  140,  20,   0,   0, 
WP, 09, 2003071912,   , BEST,   0, 107N, 1339E,  85,  958, TY,  34, NEQ,  140,  120,  120,  120, 1003,  140,  20,   0,   0, 
WP, 09, 2003071918,   , BEST,   0, 111N, 1332E,  90,  954, TY,  34, NEQ,  130,  130,  150,  130, 1003,  225,  20,   0,  15, 
WP, 09, 2003072000,   , BEST,   0, 116N, 1324E, 100,  944, TY,  34, NEQ,  130,  130,  130,  130, 1003,  160,  20,   0,  15, 
WP, 09, 2003072006,   , BEST,   0, 121N, 1315E, 110,  933, TY,  34, NEQ,  130,  130,  130,  130, 1000,  140,  10,   0,  15, 
WP, 09, 2003072012,   , BEST,   0, 126N, 1305E, 130,  910, ST,  34, NEQ,  150,  180,  130,  130, 1000,  140,  10,   0,  10, 
WP, 09, 2003072018,   , BEST,   0, 131N, 1294E, 130,  910, ST,  34, NEQ,  150,  180,  130,  130, 1000,  180,  15,   0,  20, 
WP, 09, 2003072100,   , BEST,   0, 137N, 1282E, 130,  910, ST,  34, NEQ,  150,  180,  180,  150, 1000,  180,  10,   0,  10, 
WP, 09, 2003072106,   , BEST,   0, 143N, 1270E, 125,  916, TY,  34, NEQ,  180,  180,  180,  150, 1000,  150,  10,   0,  10, 
WP, 09, 2003072112,   , BEST,   0, 150N, 1258E, 125,  916, TY,  34, NEQ,  180,  180,  180,  150, 1000,  150,  10,   0,  10, 
WP, 09, 2003072118,   , BEST,   0, 157N, 1244E, 120,  922, TY,  34, NEQ,  180,  150,  180,  180, 1000,  150,   5,   0,  10, 
WP, 09, 2003072200,   , BEST,   0, 164N, 1230E, 115,  927, TY,  34, NEQ,  180,  150,  150,  150, 1000,  150,   5,   0,  10, 
WP, 09, 2003072206,   , BEST,   0, 170N, 1213E,  90,  954, TY,  34, NEQ,  150,  140,  140,  150, 1000,  225,  10,   0,   0, 
WP, 09, 2003072212,   , BEST,   0, 176N, 1198E,  80,  963, TY,  34, NEQ,  150,  140,  140,  150, 1000,  150,  10,   0,   0, 
WP, 09, 2003072218,   , BEST,   0, 181N, 1183E,  90,  954, TY,  34, NEQ,  150,  140,  140,  160, 1000,  150,  10,   0,   0, 
WP, 09, 2003072300,   , BEST,   0, 185N, 1168E,  90,  954, TY,  34, NEQ,  150,  140,  140,  160, 1000,  150,  10,   0,   0, 
WP, 09, 2003072306,   , BEST,   0, 189N, 1154E,  90,  954, TY,  34, NEQ,  150,  140,  140,  150, 1000,  150,  10,   0,   0, 
WP, 09, 2003072312,   , BEST,   0, 194N, 1142E,  90,  954, TY,  34, NEQ,  150,  140,  140,  150, 1000,  150,  10,   0,   0, 
WP, 09, 2003072318,   , BEST,   0, 198N, 1130E,  85,  958, TY,  34, NEQ,  150,  150,  150,  150, 1000,  150,  10,   0,   0, 
WP, 09, 2003072400,   , BEST,   0, 212N, 1119E,  85,  958, TY,  34, NEQ,  160,  160,  140,  140, 1000,  180,  20,   0,   0, 
WP, 09, 2003072406,   , BEST,   0, 220N, 1102E,  75,  967, TY,   0,    ,    0,    0,    0,    0, 
WP, 09, 2003072412,   , BEST,   0, 228N, 1089E,  55,  984, TS,   0,    ,    0,    0,    0,    0, 
WP, 09, 2003072418,   , BEST,   0, 233N, 1075E,  45,  991, TS,   0,    ,    0,    0,    0,    0, 
WP, 09, 2003072500,   , BEST,   0, 235N, 1061E,  40,  994, TS,   0,    ,    0,    0,    0,    0, 
WP, 09, 2003072506,   , BEST,   0, 238N, 1047E,  35,  997, TS,   0,    ,    0,    0,    0,    0, 
WP, 09, 2003072512,   , BEST,   0, 247N, 1037E,  30, 1000, TD,   0,    ,    0,    0,    0,    0, 
