WP, 11, 2003073106,   , BEST,   0,  86N, 1501E,  15, 1006, TD,   0,    ,    0,    0,    0,    0, 
WP, 11, 2003073112,   , BEST,   0,  86N, 1490E,  15, 1006, TD,   0,    ,    0,    0,    0,    0, 
WP, 11, 2003073118,   , BEST,   0,  86N, 1480E,  15, 1006, TD,   0,    ,    0,    0,    0,    0, 
WP, 11, 2003080100,   , BEST,   0,  86N, 1471E,  15, 1006, TD,   0,    ,    0,    0,    0,    0, 
WP, 11, 2003080106,   , BEST,   0,  86N, 1463E,  15, 1006, TD,   0,    ,    0,    0,    0,    0, 
WP, 11, 2003080112,   , BEST,   0,  87N, 1453E,  20, 1004, TD,   0,    ,    0,    0,    0,    0, 
WP, 11, 2003080118,   , BEST,   0,  91N, 1444E,  20, 1004, TD,   0,    ,    0,    0,    0,    0, 1008,  150,  50,   0,   0, 
WP, 11, 2003080200,   , BEST,   0,  97N, 1435E,  25, 1002, TD,   0,    ,    0,    0,    0,    0, 1008,  150,  50,   0,   0, 
WP, 11, 2003080206,   , BEST,   0, 102N, 1424E,  25, 1002, TD,   0,    ,    0,    0,    0,    0, 
WP, 11, 2003080212,   , BEST,   0, 109N, 1415E,  25, 1002, TD,   0,    ,    0,    0,    0,    0, 1008,  120,  60,   0,   0, 
WP, 11, 2003080218,   , BEST,   0, 116N, 1407E,  25, 1002, TD,   0,    ,    0,    0,    0,    0, 
WP, 11, 2003080300,   , BEST,   0, 124N, 1399E,  30, 1000, TD,   0,    ,    0,    0,    0,    0, 1007,  130,  45,   0,   0, 
WP, 11, 2003080306,   , BEST,   0, 132N, 1391E,  35,  997, TS,   0,    ,    0,    0,    0,    0, 
WP, 11, 2003080312,   , BEST,   0, 140N, 1386E,  45,  991, TS,   0,    ,    0,    0,    0,    0, 
WP, 11, 2003080318,   , BEST,   0, 149N, 1378E,  45,  991, TS,  34, NEQ,   70,   70,   70,   70, 1007,  105,  40,   0,   0, 
WP, 11, 2003080400,   , BEST,   0, 157N, 1366E,  55,  984, TS,  34, NEQ,   85,   85,  115,  115, 1004,  130,  40,   0,   0, 
WP, 11, 2003080406,   , BEST,   0, 164N, 1353E,  55,  984, TS,  34, NEQ,   85,   85,  115,  115, 1004,  130,  40,   0,   0, 
WP, 11, 2003080412,   , BEST,   0, 171N, 1340E,  55,  984, TS,  34, NEQ,   85,   85,  115,  115, 1004,  130,  40,   0,   0, 
WP, 11, 2003080418,   , BEST,   0, 177N, 1332E,  65,  976, TY,  34, NEQ,   90,  100,  115,  100, 1004,  130,  35,   0,   0, 
WP, 11, 2003080500,   , BEST,   0, 183N, 1323E,  80,  963, TY,  34, NEQ,   90,  100,  115,  100, 1004,  130,  35,   0,   0, 
WP, 11, 2003080506,   , BEST,   0, 188N, 1315E,  80,  963, TY,  34, NEQ,  105,   90,   90,  110, 1004,  130,  35,   0,   0, 
WP, 11, 2003080512,   , BEST,   0, 195N, 1308E,  85,  958, TY,  34, NEQ,  105,   90,   90,  110, 1004,  130,  35,   0,   0, 
WP, 11, 2003080518,   , BEST,   0, 206N, 1300E,  90,  954, TY,  34, NEQ,  110,  110,  110,  100, 1002,  130,  35,   0,   0, 
WP, 11, 2003080600,   , BEST,   0, 217N, 1293E,  95,  949, TY,  34, NEQ,  120,  120,  120,  110, 1002,  130,  35,   0,   0, 
WP, 11, 2003080606,   , BEST,   0, 229N, 1288E,  95,  949, TY,  34, NEQ,  120,  120,  120,  110, 1002,  130,  35,   0,   0, 
WP, 11, 2003080612,   , BEST,   0, 241N, 1286E,  95,  949, TY,  34, NEQ,  120,  120,  120,  110, 1002,  130,  35,   0,   0, 
WP, 11, 2003080618,   , BEST,   0, 253N, 1284E, 100,  944, TY,  34, NEQ,  120,  120,  120,  110, 1002,  130,  35,   0,   0, 
WP, 11, 2003080700,   , BEST,   0, 265N, 1282E, 110,  933, TY,  34, NEQ,  210,  270,  190,  200,  997,  220,  35,   0,   0, 
WP, 11, 2003080706,   , BEST,   0, 274N, 1285E, 110,  933, TY,  34, NEQ,  210,  270,  190,  200,  997,  220,  25,   0,  40, 
WP, 11, 2003080712,   , BEST,   0, 283N, 1295E, 110,  933, TY,  34, NEQ,  200,  250,  200,  200,  997,  220,  25,   0,  40, 
WP, 11, 2003080718,   , BEST,   0, 293N, 1308E, 105,  938, TY,  34, NEQ,  200,  250,  200,  200,  997,  220,  25,   0,  40, 
WP, 11, 2003080800,   , BEST,   0, 307N, 1320E, 100,  944, TY,  34, NEQ,  180,  230,  210,  180,  997,  220,  25,   0,  40, 
WP, 11, 2003080806,   , BEST,   0, 320N, 1330E,  90,  954, TY,  34, NEQ,  180,  230,  210,  180,  997,  220,  20,   0,  30, 
WP, 11, 2003080812,   , BEST,   0, 332N, 1340E,  90,  954, TY,  34, NEQ,  180,  230,  180,  180,  997,  220,  20,   0,  30, 
WP, 11, 2003080818,   , BEST,   0, 344N, 1349E,  80,  963, TY,  34, NEQ,  160,  200,  150,  130,  997,  200,  20,   0,  30, 
WP, 11, 2003080900,   , BEST,   0, 355N, 1362E,  65,  976, TY,   0,    ,    0,    0,    0,    0, 
WP, 11, 2003080906,   , BEST,   0, 368N, 1383E,  45,  991, TS,   0,    ,    0,    0,    0,    0, 
WP, 11, 2003080912,   , BEST,   0, 389N, 1407E,  45,  991, TS,   0,    ,    0,    0,    0,    0, 
WP, 11, 2003080918,   , BEST,   0, 412N, 1433E,  30, 1000, TD,   0,    ,    0,    0,    0,    0, 
WP, 11, 2003081000,   , BEST,   0, 436N, 1471E,  25, 1002, TD,   0,    ,    0,    0,    0,    0, 
