WP, 18, 2003100600,   , BEST,   0, 184N, 1176E,  15, 1006, TD,   0,    ,    0,    0,    0,    0, 
WP, 18, 2003100606,   , BEST,   0, 184N, 1171E,  15, 1006, TD,   0,    ,    0,    0,    0,    0, 
WP, 18, 2003100612,   , BEST,   0, 182N, 1167E,  15, 1006, TD,   0,    ,    0,    0,    0,    0, 
WP, 18, 2003100618,   , BEST,   0, 180N, 1162E,  25, 1006, TD,   0,    ,    0,    0,    0,    0, 1010,  100,  20,   0,   0, 
WP, 18, 2003100700,   , BEST,   0, 177N, 1157E,  25, 1002, TD,   0,    ,    0,    0,    0,    0, 1007,  120,  45,   0,   0, 
WP, 18, 2003100706,   , BEST,   0, 173N, 1152E,  25, 1002, TD,   0,    ,    0,    0,    0,    0, 1007,  120,  45,   0,   0, 
WP, 18, 2003100712,   , BEST,   0, 170N, 1150E,  25, 1002, TD,   0,    ,    0,    0,    0,    0, 1007,  120,  45,   0,   0, 
WP, 18, 2003100718,   , BEST,   0, 171N, 1153E,  25, 1003, TD,   0,    ,    0,    0,    0,    0, 1007,  120,  50,   0,   0, 
WP, 18, 2003100800,   , BEST,   0, 174N, 1154E,  25, 1002, TD,   0,    ,    0,    0,    0,    0, 1007,  120,  50,   0,   0, 
WP, 18, 2003100806,   , BEST,   0, 177N, 1154E,  25, 1002, TD,   0,    ,    0,    0,    0,    0, 1007,  120,  45,   0,   0, 
WP, 18, 2003100812,   , BEST,   0, 180N, 1154E,  25, 1002, TD,   0,    ,    0,    0,    0,    0, 1007,  120,  45,   0,   0, 
WP, 18, 2003100818,   , BEST,   0, 183N, 1153E,  25, 1002, TD,   0,    ,    0,    0,    0,    0, 1008,  120,  45,   0,   0, 
WP, 18, 2003100900,   , BEST,   0, 187N, 1152E,  25, 1002, TD,   0,    ,    0,    0,    0,    0, 1008,  120,  45,   0,   0, 
WP, 18, 2003100906,   , BEST,   0, 191N, 1153E,  25, 1002, TD,   0,    ,    0,    0,    0,    0, 1008,  120,  45,   0,   0, 
WP, 18, 2003100912,   , BEST,   0, 195N, 1153E,  25, 1002, TD,   0,    ,    0,    0,    0,    0, 1008,  120,  45,   0,   0, 
WP, 18, 2003100918,   , BEST,   0, 197N, 1152E,  25, 1002, TD,   0,    ,    0,    0,    0,    0, 1008,  120,  45,   0,   0, 
WP, 18, 2003101000,   , BEST,   0, 199N, 1150E,  25, 1002, TD,   0,    ,    0,    0,    0,    0, 1008,  120,  45,   0,   0, 
WP, 18, 2003101006,   , BEST,   0, 202N, 1146E,  25, 1002, TD,   0,    ,    0,    0,    0,    0, 1008,  120,  45,   0,   0, 
WP, 18, 2003101012,   , BEST,   0, 208N, 1138E,  25, 1002, TD,   0,    ,    0,    0,    0,    0, 
WP, 18, 2003101018,   , BEST,   0, 210N, 1128E,  25, 1002, TD,   0,    ,    0,    0,    0,    0, 
WP, 18, 2003101100,   , BEST,   0, 217N, 1120E,  25, 1002, TD,   0,    ,    0,    0,    0,    0, 
