WP, 19, 2003101000,   , BEST,   0, 257N, 1307E,  25, 1002, TD,   0,    ,    0,    0,    0,    0, 
WP, 19, 2003101006,   , BEST,   0, 259N, 1310E,  25, 1002, TD,   0,    ,    0,    0,    0,    0, 
WP, 19, 2003101012,   , BEST,   0, 262N, 1313E,  25, 1002, TD,   0,    ,    0,    0,    0,    0, 
WP, 19, 2003101018,   , BEST,   0, 269N, 1315E,  30, 1000, TD,   0,    ,    0,    0,    0,    0, 1008,  160,  60,   0,   0, 
WP, 19, 2003101100,   , BEST,   0, 277N, 1311E,  30, 1000, TD,   0,    ,    0,    0,    0,    0, 1008,  160,  60,   0,   0, 
WP, 19, 2003101106,   , BEST,   0, 284N, 1305E,  25, 1002, TD,   0,    ,    0,    0,    0,    0, 
WP, 19, 2003101112,   , BEST,   0, 291N, 1298E,  30, 1000, TD,   0,    ,    0,    0,    0,    0, 
WP, 19, 2003101118,   , BEST,   0, 296N, 1296E,  30, 1000, TD,   0,    ,    0,    0,    0,    0, 
WP, 19, 2003101200,   , BEST,   0, 303N, 1298E,  30, 1000, TD,   0,    ,    0,    0,    0,    0, 1008,  120,  50,   0,   0, 
WP, 19, 2003101206,   , BEST,   0, 311N, 1301E,  30, 1000, TD,   0,    ,    0,    0,    0,    0, 1008,  120,  25,   0,   0, 
WP, 19, 2003101212,   , BEST,   0, 321N, 1315E,  30, 1000, TD,   0,    ,    0,    0,    0,    0, 1008,  120,  25,   0,   0, 
WP, 19, 2003101218,   , BEST,   0, 330N, 1335E,  30, 1000, TD,   0,    ,    0,    0,    0,    0, 1008,  120,  45,   0,   0, 
WP, 19, 2003101300,   , BEST,   0, 340N, 1358E,  30, 1000, TD,   0,    ,    0,    0,    0,    0, 1008,  120,  45,   0,   0, 
