WP, 23, 2003102112,   , BEST,   0,  91N, 1014E,  25, 1002, TD,   0,    ,    0,    0,    0,    0, 
WP, 23, 2003102118,   , BEST,   0,  94N, 1014E,  25, 1002, TD,   0,    ,    0,    0,    0,    0, 1008,  130,  60,   0,   0, 
WP, 23, 2003102200,   , BEST,   0,  95N, 1014E,  25, 1002, TD,   0,    ,    0,    0,    0,    0, 1008,  130,  60,   0,   0, 
WP, 23, 2003102206,   , BEST,   0,  96N, 1014E,  25, 1002, TD,   0,    ,    0,    0,    0,    0, 1004,  130,  60,   0,   0, 
WP, 23, 2003102212,   , BEST,   0,  97N, 1013E,  30, 1000, TD,   0,    ,    0,    0,    0,    0, 
WP, 23, 2003102218,   , BEST,   0,  99N, 1013E,  25, 1002, TD,   0,    ,    0,    0,    0,    0, 
WP, 23, 2003102300,   , BEST,   0, 101N, 1011E,  25, 1002, TD,   0,    ,    0,    0,    0,    0, 
WP, 23, 2003102306,   , BEST,   0, 104N, 1010E,  25, 1002, TD,   0,    ,    0,    0,    0,    0, 
WP, 23, 2003102312,   , BEST,   0, 107N, 1010E,  25, 1002, TD,   0,    ,    0,    0,    0,    0, 1004,  130,  60,   0,   0, 
WP, 23, 2003102318,   , BEST,   0, 110N, 1011E,  25, 1002, TD,   0,    ,    0,    0,    0,    0, 1004,  130,  60,   0,   0, 
WP, 23, 2003102400,   , BEST,   0, 114N, 1010E,  25, 1002, TD,   0,    ,    0,    0,    0,    0, 1004,  130,  50,   0,   0, 
WP, 23, 2003102406,   , BEST,   0, 117N, 1008E,  25, 1002, TD,   0,    ,    0,    0,    0,    0, 1004,  130,  50,   0,   0, 
WP, 23, 2003102412,   , BEST,   0, 121N, 1003E,  25, 1002, TD,   0,    ,    0,    0,    0,    0, 1004,  130,  50,   0,   0, 
WP, 23, 2003102418,   , BEST,   0, 125N,  996E,  25, 1002, TD,   0,    ,    0,    0,    0,    0, 
WP, 23, 2003102500,   , BEST,   0, 124N,  986E,  25, 1002, TD,   0,    ,    0,    0,    0,    0, 
WP, 23, 2003102506,   , BEST,   0, 125N,  974E,  25, 1002, TD,   0,    ,    0,    0,    0,    0, 1004,  130,  50,   0,   0, 
WP, 23, 2003102512,   , BEST,   0, 131N,  962E,  25, 1002, TD,   0,    ,    0,    0,    0,    0, 1004,  130,  50,   0,   0, 
WP, 23, 2003102518,   , BEST,   0, 132N,  951E,  25, 1002, TD,   0,    ,    0,    0,    0,    0, 1004,  130,  50,   0,   0, 
WP, 23, 2003102600,   , BEST,   0, 132N,  941E,  25, 1002, TD,   0,    ,    0,    0,    0,    0, 1004,  130,  50,   0,   0, 
WP, 23, 2003102606,   , BEST,   0, 133N,  933E,  25, 1002, TD,   0,    ,    0,    0,    0,    0, 1004,  120,  50,   0,   0, 
WP, 23, 2003102612,   , BEST,   0, 134N,  924E,  25, 1002, TD,   0,    ,    0,    0,    0,    0, 1004,  120,  50,   0,   0, 
WP, 23, 2003102618,   , BEST,   0, 136N,  914E,  30, 1000, TD,   0,    ,    0,    0,    0,    0, 1004,  120,  50,   0,   0, 
WP, 23, 2003102700,   , BEST,   0, 140N,  902E,  35,  997, TS,   0,    ,    0,    0,    0,    0, 1004,  120,  50,   0,   0, 
WP, 23, 2003102706,   , BEST,   0, 146N,  889E,  35,  997, TS,   0,    ,    0,    0,    0,    0, 1004,  120,  50,   0,   0, 
WP, 23, 2003102712,   , BEST,   0, 153N,  874E,  35,  997, TS,   0,    ,    0,    0,    0,    0, 1004,  120,  50,   0,   0, 
WP, 23, 2003102718,   , BEST,   0, 163N,  860E,  35,  997, TS,   0,    ,    0,    0,    0,    0, 1004,  120,  50,   0,   0, 
WP, 23, 2003102800,   , BEST,   0, 175N,  849E,  35,  997, TS,   0,    ,    0,    0,    0,    0, 1004,  120,  50,   0,   0, 
WP, 23, 2003102806,   , BEST,   0, 182N,  840E,  30, 1000, TD,   0,    ,    0,    0,    0,    0, 1006,  110,  40,   0,   0, 
WP, 23, 2003102812,   , BEST,   0, 187N,  834E,  30, 1000, TD,   0,    ,    0,    0,    0,    0, 
