WP, 05, 2015040200,   , BEST,   0,  56N, 1610E,  20, 1007, DB,   0,    ,    0,    0,    0,    0, 1008,  170,  50,   0,   0,   W,   0,    ,   0,   0,     INVEST, S, 
WP, 05, 2015040206,   , BEST,   0,  62N, 1599E,  20, 1005, DB,   0,    ,    0,    0,    0,    0, 1008,  180,  50,   0,   0,   W,   0,    ,   0,   0,     INVEST, S, 
WP, 05, 2015040212,   , BEST,   0,  68N, 1589E,  20, 1005, DB,   0,    ,    0,    0,    0,    0, 1008,  180,  50,   0,   0,   W,   0,    ,   0,   0,     INVEST, S, 
WP, 05, 2015040218,   , BEST,   0,  72N, 1578E,  20, 1007, DB,   0,    ,    0,    0,    0,    0, 1008,  180,  50,   0,   0,   W,   0,    ,   0,   0,     INVEST, S, 
WP, 05, 2015040300,   , BEST,   0,  76N, 1566E,  25, 1004, TD,   0,    ,    0,    0,    0,    0, 1008,  180,  50,   0,   0,   W,   0,    ,   0,   0,       FIVE, S,  0,    ,    0,    0,    0,    0, TRANSITIONED, wpA92015 to wp052015, 
WP, 05, 2015040306,   , BEST,   0,  79N, 1556E,  25, 1004, TD,   0,    ,    0,    0,    0,    0, 1008,  180,  45,   0,   0,   W,   0,    ,   0,   0,       FIVE, S, 
WP, 05, 2015040312,   , BEST,   0,  83N, 1547E,  25, 1004, TD,   0,    ,    0,    0,    0,    0, 1008,  180,  45,   0,   0,   W,   0,    ,   0,   0,       FIVE, S, 
WP, 05, 2015040318,   , BEST,   0,  88N, 1538E,  30, 1000, TD,   0,    ,    0,    0,    0,    0, 1008,  165,  45,   0,   0,   W,   0,    ,   0,   0,       FIVE, S, 
WP, 05, 2015040400,   , BEST,   0,  89N, 1532E,  35,  996, TS,   0,    ,    0,    0,    0,    0, 1008,  170,  45,   0,   0,   W,   0,    ,   0,   0,       FIVE, M, 
WP, 05, 2015040406,   , BEST,   0,  90N, 1524E,  45,  989, TS,  34, NEQ,   60,   60,   55,   45, 1005,  140,  45,   0,   0,   W,   0,    ,   0,   0,       FIVE, M, 
WP, 05, 2015040412,   , BEST,   0,  92N, 1516E,  45,  989, TS,  34, NEQ,   60,   60,   55,   45, 1005,  155,  45,   0,   0,   W,   0,    ,   0,   0,    HAISHEN, M, 
WP, 05, 2015040415,   , BEST,   0,  92N, 1513E,  40,  993, TS,  34, NEQ,   60,   60,   55,   45, 1005,  155,  45,   0,   0, 
WP, 05, 2015040418,   , BEST,   0,  91N, 1512E,  40,  993, TS,  34, NEQ,   60,   60,   55,   45, 1005,  155,  45,   0,   0, 
WP, 05, 2015040500,   , BEST,   0,  90N, 1511E,  35,  996, TS,  34, NEQ,   60,   60,   55,   45, 1005,  155,  45,   0,   0, 
WP, 05, 2015040506,   , BEST,   0,  89N, 1509E,  35,  996, TS,  34, NEQ,   60,   60,   55,   45, 1005,  155,  45,   0,   0, 
WP, 05, 2015040512,   , BEST,   0,  88N, 1508E,  35,  996, TS,   0,    ,    0,    0,    0,    0, 1005,  155,  45,   0,   0, 
WP, 05, 2015040518,   , BEST,   0,  89N, 1507E,  30, 1000, TD,   0,    ,    0,    0,    0,    0, 1005,  155,  45,   0,   0, 
WP, 05, 2015040600,   , BEST,   0,  90N, 1508E,  30, 1000, TD,   0,    ,    0,    0,    0,    0, 1005,  155,  45,   0,   0, 
WP, 05, 2015040606,   , BEST,   0,  90N, 1507E,  30, 1000, TD,   0,    ,    0,    0,    0,    0, 1005,  155,  45,   0,   0, 
WP, 05, 2015040612,   , BEST,   0,  92N, 1503E,  25, 1004, TD,   0,    ,    0,    0,    0,    0, 1005,  155,  45,   0,   0, 
WP, 05, 2015040618,   , BEST,   0,  92N, 1501E,  20, 1007, DB,   0,    ,    0,    0,    0,    0, 1007,  150,  45,   0,   0, 
