WP, 02, 2004031400,   , BEST,   0,  30N, 1433E,  20, 1004, DB,   0,    ,    0,    0,    0,    0, 
WP, 02, 2004031406,   , BEST,   0,  40N, 1423E,  20, 1004, DB,   0,    ,    0,    0,    0,    0, 
WP, 02, 2004031412,   , BEST,   0,  52N, 1415E,  20, 1004, DB,   0,    ,    0,    0,    0,    0, 1008,  120,  45,   0,   0, 
WP, 02, 2004031418,   , BEST,   0,  59N, 1409E,  20, 1004, DB,   0,    ,    0,    0,    0,    0, 1008,  120,  45,   0,   0, 
WP, 02, 2004031500,   , BEST,   0,  65N, 1402E,  20, 1004, DB,   0,    ,    0,    0,    0,    0, 1008,  120,  35,   0,   0, 
WP, 02, 2004031506,   , BEST,   0,  69N, 1395E,  20, 1004, DB,   0,    ,    0,    0,    0,    0, 1008,  120,  45,   0,   0, 
WP, 02, 2004031512,   , BEST,   0,  70N, 1387E,  25, 1002, DB,   0,    ,    0,    0,    0,    0, 1008,  120,  45,   0,   0, 
WP, 02, 2004031518,   , BEST,   0,  69N, 1382E,  25, 1002, DB,   0,    ,    0,    0,    0,    0, 1008,  120,  45,   0,   0, 
WP, 02, 2004031600,   , BEST,   0,  66N, 1379E,  25, 1002, DB,   0,    ,    0,    0,    0,    0, 1008,  120,  45,   0,   0, 
WP, 02, 2004031606,   , BEST,   0,  63N, 1376E,  25, 1002, TD,   0,    ,    0,    0,    0,    0, 1006,  120,  45,   0,   0, 
WP, 02, 2004031612,   , BEST,   0,  59N, 1371E,  30, 1000, TD,   0,    ,    0,    0,    0,    0, 1006,  120,  45,   0,   0, 
WP, 02, 2004031618,   , BEST,   0,  56N, 1366E,  30, 1000, TD,   0,    ,    0,    0,    0,    0, 1004,  120,  40,   0,   0, 
WP, 02, 2004031700,   , BEST,   0,  55N, 1359E,  30, 1000, TD,   0,    ,    0,    0,    0,    0, 1004,  120,  40,   0,   0, 
WP, 02, 2004031706,   , BEST,   0,  57N, 1349E,  30, 1000, TD,   0,    ,    0,    0,    0,    0, 1004,  120,  40,   0,   0, 
WP, 02, 2004031712,   , BEST,   0,  62N, 1339E,  30, 1000, TD,   0,    ,    0,    0,    0,    0, 1004,  180,  30,   0,   0, 
WP, 02, 2004031718,   , BEST,   0,  70N, 1329E,  25, 1002, TD,   0,    ,    0,    0,    0,    0, 1004,  165,  45,   0,   0, 
WP, 02, 2004031800,   , BEST,   0,  78N, 1317E,  25, 1002, TD,   0,    ,    0,    0,    0,    0, 1004,  140,  45,   0,   0, 
WP, 02, 2004031806,   , BEST,   0,  87N, 1306E,  25, 1002, TD,   0,    ,    0,    0,    0,    0, 1004,  140,  45,   0,   0, 
WP, 02, 2004031812,   , BEST,   0,  96N, 1297E,  30, 1000, TD,   0,    ,    0,    0,    0,    0, 1004,  150,  40,   0,   0, 
WP, 02, 2004031818,   , BEST,   0, 104N, 1286E,  35,  997, TS,   0,    ,    0,    0,    0,    0, 1004,  150,  40,   0,   0, 
WP, 02, 2004031900,   , BEST,   0, 110N, 1280E,  35,  997, TS,   0,    ,    0,    0,    0,    0, 1004,  120,  40,   0,   0, 
WP, 02, 2004031906,   , BEST,   0, 116N, 1274E,  35,  997, TS,   0,    ,    0,    0,    0,    0, 1004,  120,  40,   0,   0, 
WP, 02, 2004031912,   , BEST,   0, 122N, 1268E,  35,  997, TS,   0,    ,    0,    0,    0,    0, 1004,  120,  40,   0,   0, 
WP, 02, 2004031918,   , BEST,   0, 127N, 1263E,  35,  997, TS,   0,    ,    0,    0,    0,    0, 1004,  120,  40,   0,   0, 
WP, 02, 2004032000,   , BEST,   0, 132N, 1257E,  35,  997, TS,   0,    ,    0,    0,    0,    0, 1004,  120,  40,   0,   0, 
WP, 02, 2004032006,   , BEST,   0, 137N, 1251E,  35,  997, TS,   0,    ,    0,    0,    0,    0, 1002,  140,  40,   0,   0, 
WP, 02, 2004032012,   , BEST,   0, 143N, 1249E,  35,  997, TS,   0,    ,    0,    0,    0,    0, 1004,  140,  40,   0,   0, 
WP, 02, 2004032018,   , BEST,   0, 147N, 1245E,  35,  997, TS,  34, NEQ,   80,   50,   50,   65, 1004,  140,  40,   0,   0, 
WP, 02, 2004032100,   , BEST,   0, 150N, 1241E,  35,  997, TS,  34, NEQ,   80,   50,   40,   65, 1002,  140,  40,   0,   0, 
WP, 02, 2004032106,   , BEST,   0, 155N, 1240E,  35,  997, TS,  34, NEQ,   80,   50,   40,   65, 1006,  180,  40,   0,   0, 
WP, 02, 2004032112,   , BEST,   0, 160N, 1242E,  35,  997, TS,  34, NEQ,   60,   40,   40,   60, 1006,  180,  40,   0,   0, 
WP, 02, 2004032118,   , BEST,   0, 165N, 1242E,  30, 1000, TD,   0,    ,    0,    0,    0,    0, 1006,  120,  40,   0,   0, 
WP, 02, 2004032200,   , BEST,   0, 169N, 1242E,  25, 1002, TD,   0,    ,    0,    0,    0,    0, 1006,  120,  40,   0,   0, 
WP, 02, 2004032206,   , BEST,   0, 168N, 1245E,  25, 1004, TD,   0,    ,    0,    0,    0,    0, 1006,  140,  30,   0,   0, 
WP, 02, 2004032212,   , BEST,   0, 167N, 1249E,  25, 1002, TD,   0,    ,    0,    0,    0,    0, 
WP, 02, 2004032218,   , BEST,   0, 167N, 1253E,  25, 1002, TD,   0,    ,    0,    0,    0,    0, 
WP, 02, 2004032300,   , BEST,   0, 170N, 1256E,  20, 1004, TD,   0,    ,    0,    0,    0,    0, 
WP, 02, 2004032306,   , BEST,   0, 173N, 1260E,  20, 1004, TD,   0,    ,    0,    0,    0,    0, 
WP, 02, 2004032312,   , BEST,   0, 179N, 1261E,  20, 1004, TD,   0,    ,    0,    0,    0,    0, 
