WP, 19, 2001090300,   , BEST,   0, 189N, 1564E,  25, 1002, TD,  35, NEQ,    0,    0,    0,    0, 1006,  150,  40,   0,   0, 
WP, 19, 2001090306,   , BEST,   0, 190N, 1556E,  25, 1002, TD,  35, NEQ,    0,    0,    0,    0, 1006,  120, 100,   0,   0, 
WP, 19, 2001090312,   , BEST,   0, 188N, 1548E,  30, 1000, TD,  35, NEQ,    0,    0,    0,    0, 1006,  120,  50,   0,   0, 
WP, 19, 2001090318,   , BEST,   0, 185N, 1539E,  35,  997, TS,  35, NEQ,    0,    0,    0,    0, 1006,  180,  50,   0,   0, 
WP, 19, 2001090400,   , BEST,   0, 185N, 1528E,  40,  994, TS,  35, NEQ,    0,    0,    0,    0, 1006,  200,  50,   0,   0, 
WP, 19, 2001090406,   , BEST,   0, 186N, 1521E,  50,  987, TS,  35, NEQ,   90,   70,   70,   90, 1007,  135,  40,   0,   0, 
WP, 19, 2001090412,   , BEST,   0, 188N, 1517E,  60,  980, TS,  35, NEQ,  120,  105,  105,  120, 1007,  240,  40,   0,   0, 
WP, 19, 2001090418,   , BEST,   0, 192N, 1513E,  65,  976, TY,   0,    ,    0,    0,    0,    0, 
WP, 19, 2001090500,   , BEST,   0, 199N, 1510E,  75,  967, TY,   0,    ,    0,    0,    0,    0, 
WP, 19, 2001090506,   , BEST,   0, 207N, 1508E,  80,  963, TY,  35, NEQ,   70,  150,  110,   70, 1006,  280,  30,   0,   0, 
WP, 19, 2001090512,   , BEST,   0, 216N, 1507E,  80,  963, TY,  35, NEQ,   70,  150,  110,   70, 1007,  280,  30,   0,   0, 
WP, 19, 2001090518,   , BEST,   0, 224N, 1505E,  80,  965, TY,   0,    ,    0,    0,    0,    0, 
WP, 19, 2001090600,   , BEST,   0, 230N, 1505E,  90,  954, TY,  35, NEQ,  115,  150,  110,   85, 1002,  230,  25,   0,   0, 
WP, 19, 2001090606,   , BEST,   0, 237N, 1505E,  90,  954, TY,  35, NEQ,  160,  160,  100,  100, 1002,  240,  20,   0,   0, 
WP, 19, 2001090612,   , BEST,   0, 247N, 1502E,  95,  949, TY,  35, NEQ,  160,  160,  100,  100, 1002,  240,  20,   0,   0, 
WP, 19, 2001090618,   , BEST,   0, 255N, 1495E, 100,  944, TY,  35, NEQ,  160,  160,  120,  120, 1002,  240,  20,   0,   0, 
WP, 19, 2001090700,   , BEST,   0, 263N, 1487E, 100,  944, TY,  35, NEQ,  180,  180,  120,  120, 1007,  240,  20,   0,   0, 
WP, 19, 2001090706,   , BEST,   0, 273N, 1476E, 105,  938, TY,  35, NEQ,  170,  170,  110,  110, 1007,  200,  20,   0,   0, 
WP, 19, 2001090712,   , BEST,   0, 278N, 1462E, 100,  944, TY,  35, NEQ,  170,  170,  110,  110, 1007,  200,  20,   0,   0, 
WP, 19, 2001090718,   , BEST,   0, 283N, 1449E, 100,  944, TY,   0,    ,    0,    0,    0,    0, 
WP, 19, 2001090800,   , BEST,   0, 284N, 1436E, 100,  944, TY,  35, NEQ,  210,  210,  120,  120, 1006,  315,  20,   0,   0, 
WP, 19, 2001090806,   , BEST,   0, 283N, 1426E, 100,  944, TY,  35, NEQ,  210,  210,  120,  120, 1006,   80,  20,   0,   0, 
WP, 19, 2001090812,   , BEST,   0, 284N, 1419E, 100,  944, TY,  35, NEQ,  210,  210,  120,  120, 1006,   80,  20,   0,   0, 
WP, 19, 2001090818,   , BEST,   0, 287N, 1415E, 105,  938, TY,  35, NEQ,  210,  210,  120,  120, 1006,   80,  20,   0,   0, 
WP, 19, 2001090900,   , BEST,   0, 297N, 1406E, 100,  944, TY,  35, NEQ,  210,  210,  120,  120, 1006,   90,  20,   0,   0, 
WP, 19, 2001090906,   , BEST,   0, 305N, 1392E, 100,  944, TY,  35, NEQ,  210,  210,  120,  120, 1006,   90,  20,   0,   0, 
WP, 19, 2001090912,   , BEST,   0, 311N, 1384E,  95,  949, TY,  35, NEQ,  210,  210,  120,  120, 1006,   90,  25,   0,   0, 
WP, 19, 2001090918,   , BEST,   0, 318N, 1377E,  90,  954, TY,  35, NEQ,  220,  220,  150,  150, 1002,   90,  25,   0,   0, 
WP, 19, 2001091000,   , BEST,   0, 325N, 1374E,  85,  958, TY,  35, NEQ,  240,  240,  200,  170, 1002,  360,  20,   0,   0, 
WP, 19, 2001091006,   , BEST,   0, 331N, 1375E,  80,  963, TY,  35, NEQ,  240,  240,  180,  180, 1002,  360,  20,   0,   0, 
WP, 19, 2001091012,   , BEST,   0, 336N, 1378E,  80,  963, TY,  35, NEQ,  180,  180,  140,  180, 1002,   90,  20,   0,   0, 
WP, 19, 2001091018,   , BEST,   0, 342N, 1385E,  75,  967, TY,  35, NEQ,  180,  180,  140,  180, 1000,   90,  25,   0,   0, 
WP, 19, 2001091100,   , BEST,   0, 352N, 1395E,  70,  972, TY,  35, NEQ,  180,  180,  140,  180, 1000,   90,  25,   0,   0, 
WP, 19, 2001091106,   , BEST,   0, 364N, 1405E,  65,  976, TY,  35, NEQ,  170,  170,  140,  180, 1000,  270,  35,   0,   0, 
WP, 19, 2001091112,   , BEST,   0, 376N, 1419E,  55,  984, TS,  35, NEQ,  170,  170,  135,  135, 1000,  255,  35,   0,   0, 
WP, 19, 2001091118,   , BEST,   0, 395N, 1436E,  50,  987, TS,  35, NEQ,  100,  160,  115,  180, 1000,  270,  25,   0,   0, 
WP, 19, 2001091200,   , BEST,   0, 419N, 1458E,  40,  994, TS,   0,    ,    0,    0,    0,    0, 
