WP, 30, 2001120406,   , BEST,   0, 101N, 1291E,  25, 1002, TD,  35, NEQ,    0,    0,    0,    0, 1006,  120,  35,   0,   0, 
WP, 30, 2001120412,   , BEST,   0, 101N, 1280E,  25, 1002, TD,  35, NEQ,    0,    0,    0,    0, 1006,  120,  35,   0,   0, 
WP, 30, 2001120418,   , BEST,   0, 101N, 1269E,  25, 1002, TD,  35, NEQ,    0,    0,    0,    0, 1006,  120,  35,   0,   0, 
WP, 30, 2001120500,   , BEST,   0, 103N, 1258E,  30, 1000, TD,  35, NEQ,    0,    0,    0,    0, 1005,  120,  35,   0,   0, 
WP, 30, 2001120506,   , BEST,   0, 106N, 1248E,  30, 1000, TD,  35, NEQ,    0,    0,    0,    0, 1005,  120,  35,   0,   0, 
WP, 30, 2001120512,   , BEST,   0, 109N, 1239E,  35,  997, TS,  35, NEQ,    0,    0,    0,    0, 1005,  120,  35,   0,   0, 
WP, 30, 2001120518,   , BEST,   0, 111N, 1230E,  30, 1002, TD,  35, NEQ,    0,    0,    0,    0, 1005,  120,  35,   0,   0, 
WP, 30, 2001120600,   , BEST,   0, 113N, 1221E,  35,  997, TS,  35, NEQ,    0,    0,    0,    0, 1005,  120,  35,   0,   0, 
WP, 30, 2001120606,   , BEST,   0, 114N, 1212E,  35,  997, TS,  35, NEQ,    0,    0,    0,    0, 1005,  120,  35,   0,   0, 
WP, 30, 2001120612,   , BEST,   0, 116N, 1201E,  35,    0, TS,  35, NEQ,    0,    0,    0,    0, 1005,  120,  35,   0,   0, 
WP, 30, 2001120618,   , BEST,   0, 118N, 1190E,  35,  997, TS,   0,    ,    0,    0,    0,    0, 
WP, 30, 2001120700,   , BEST,   0, 120N, 1179E,  35,  997, TS,  35, NEQ,    0,    0,    0,    0, 1005,  120,  35,   0,   0, 
WP, 30, 2001120706,   , BEST,   0, 124N, 1166E,  35, 1000, TS,  35, NEQ,    0,    0,    0,    0, 1005,  120,  35,   0,   0, 
WP, 30, 2001120712,   , BEST,   0, 126N, 1156E,  35,  997, TS,  35, NEQ,    0,    0,    0,    0, 1005,  120,  35,   0,   0, 
WP, 30, 2001120718,   , BEST,   0, 127N, 1147E,  35,  997, TS,  35, NEQ,    0,    0,    0,    0, 1005,  120,  35,   0,   0, 
WP, 30, 2001120800,   , BEST,   0, 130N, 1138E,  30, 1000, TD,  35, NEQ,    0,    0,    0,    0, 1005,  120,  35,   0,   0, 
WP, 30, 2001120806,   , BEST,   0, 131N, 1129E,  30, 1000, TD,  35, NEQ,    0,    0,    0,    0, 1005,  120,  35,   0,   0, 
WP, 30, 2001120812,   , BEST,   0, 131N, 1123E,  30, 1000, TD,  35, NEQ,    0,    0,    0,    0, 1005,  120,  35,   0,   0, 
WP, 30, 2001120818,   , BEST,   0, 130N, 1120E,  25, 1002, TD,  35, NEQ,    0,    0,    0,    0, 1004,  120,  35,   0,   0, 
WP, 30, 2001120900,   , BEST,   0, 128N, 1117E,  25, 1002, TD,   0,    ,    0,    0,    0,    0, 
WP, 30, 2001120906,   , BEST,   0, 128N, 1112E,  20, 1004, TD,   0,    ,    0,    0,    0,    0, 
