WP, 04, 2003051800,   , BEST,   0,  40N, 1479E,  15, 1006, TD,   0,    ,    0,    0,    0,    0, 
WP, 04, 2003051806,   , BEST,   0,  46N, 1482E,  15, 1006, TD,   0,    ,    0,    0,    0,    0, 
WP, 04, 2003051812,   , BEST,   0,  52N, 1486E,  20, 1004, TD,   0,    ,    0,    0,    0,    0, 1008,  135,  65,   0,   0, 
WP, 04, 2003051818,   , BEST,   0,  58N, 1490E,  20, 1004, TD,   0,    ,    0,    0,    0,    0, 1008,  135,  65,   0,   0, 
WP, 04, 2003051900,   , BEST,   0,  63N, 1493E,  25, 1002, TD,   0,    ,    0,    0,    0,    0, 1007,  130,  60,   0,   0, 
WP, 04, 2003051906,   , BEST,   0,  67N, 1498E,  35,  997, TS,   0,    ,    0,    0,    0,    0, 1007,  130,  50,   0,   0, 
WP, 04, 2003051912,   , BEST,   0,  68N, 1504E,  35,  997, TS,   0,    ,    0,    0,    0,    0, 1007,  130,  40,   0,   0, 
WP, 04, 2003051918,   , BEST,   0,  69N, 1508E,  35,  997, TS,   0,    ,    0,    0,    0,    0, 1007,  130,  40,   0,   0, 
WP, 04, 2003052000,   , BEST,   0,  73N, 1510E,  35,  997, TS,   0,    ,    0,    0,    0,    0, 1007,  130,  40,   0,   0, 
WP, 04, 2003052006,   , BEST,   0,  77N, 1508E,  35,  997, TS,  34, NEQ,   45,   45,   60,   60, 1008,  130,  45,   0,   0, 
WP, 04, 2003052012,   , BEST,   0,  80N, 1506E,  45,  991, TS,  34, NEQ,   65,   65,   80,   80, 1008,  130,  15,   0,   0, 
WP, 04, 2003052018,   , BEST,   0,  84N, 1504E,  55,  984, TS,  34, NEQ,   65,   65,   80,   80, 1007,  130,  20,   0,   0, 
WP, 04, 2003052100,   , BEST,   0,  88N, 1503E,  55,  984, TS,  34, NEQ,   65,   65,   80,   80, 1007,  130,  20,   0,   0, 
WP, 04, 2003052106,   , BEST,   0,  94N, 1506E,  55,  984, TS,  34, NEQ,   65,   65,   80,   80, 1007,  130,  20,   0,   0, 
WP, 04, 2003052112,   , BEST,   0, 103N, 1509E,  55,  984, TS,  34, NEQ,   80,   80,   80,   80, 1006,  120,  20,   0,   0, 
WP, 04, 2003052118,   , BEST,   0, 111N, 1510E,  60,  980, TS,  34, NEQ,   80,  100,  100,  100, 1004,  130,  20,   0,   0, 
WP, 04, 2003052200,   , BEST,   0, 118N, 1511E,  65,  976, TY,  34, NEQ,   80,  100,  100,  100, 1004,  130,  20,   0,   0, 
WP, 04, 2003052206,   , BEST,   0, 126N, 1512E,  65,  976, TY,  34, NEQ,   70,  120,  120,  100, 1004,  130,  20,   0,   0, 
WP, 04, 2003052212,   , BEST,   0, 133N, 1513E,  65,  976, TY,  34, NEQ,   70,  120,  120,  100, 1004,  130,  20,   0,   0, 
WP, 04, 2003052218,   , BEST,   0, 142N, 1513E,  65,  976, TY,  34, NEQ,   70,  100,  120,   70, 1003,  180,  20,   0,   0, 
WP, 04, 2003052300,   , BEST,   0, 149N, 1512E,  85,  958, TY,  34, NEQ,  140,  140,   90,   90, 1003,  140,  20,   0,   0, 
WP, 04, 2003052306,   , BEST,   0, 156N, 1512E,  95,  949, TY,  34, NEQ,  140,  140,   90,   90, 1003,  140,  20,   0,   0, 
WP, 04, 2003052312,   , BEST,   0, 164N, 1514E, 105,  938, TY,  34, NEQ,  140,  140,   90,   90, 1003,  140,  20,   0,   0, 
WP, 04, 2003052318,   , BEST,   0, 173N, 1515E, 115,  927, TY,  34, NEQ,  120,  140,  120,  120, 1003,  140,  10,   0,   0, 
WP, 04, 2003052400,   , BEST,   0, 182N, 1516E, 115,  927, TY,   0,    ,    0,    0,    0,    0, 
WP, 04, 2003052406,   , BEST,   0, 191N, 1521E, 115,  927, TY,  34, NEQ,  120,  140,  120,  120, 1003,  140,  20,   0,   0, 
WP, 04, 2003052412,   , BEST,   0, 200N, 1526E, 115,  927, TY,  34, NEQ,  120,  140,  120,  120, 1003,  140,  20,   0,   0, 
WP, 04, 2003052418,   , BEST,   0, 210N, 1538E, 115,  927, TY,  34, NEQ,  120,  140,  120,  120, 1003,  140,  20,   0,   0, 
WP, 04, 2003052500,   , BEST,   0, 224N, 1547E, 115,  927, TY,  34, NEQ,  120,  140,  120,  120, 1003,  140,  20,   0,   0, 
WP, 04, 2003052506,   , BEST,   0, 238N, 1556E,  90,  954, TY,  34, NEQ,  120,  140,  120,  120, 
WP, 04, 2003052512,   , BEST,   0, 252N, 1566E,  90,  954, TY,  34, NEQ,  120,  120,  120,  150, 1004,  140,  20,   0,   0, 
WP, 04, 2003052518,   , BEST,   0, 268N, 1575E,  65,  976, TY,  34, NEQ,  120,  120,  120,  150, 1004,  140,  25,   0,   0, 
WP, 04, 2003052600,   , BEST,   0, 283N, 1586E,  65,  976, TY,  34, NEQ,  120,  120,  120,  140, 1005,  210,  25,   0,   0, 
WP, 04, 2003052606,   , BEST,   0, 297N, 1604E,  55,  984, TS,  34, NEQ,  140,  120,  120,  120, 1003,  140,  20,   0,   0, 
WP, 04, 2003052612,   , BEST,   0, 310N, 1623E,  55,  984, TS,  34, NEQ,  140,  140,   90,   90, 1003,  140,  20,   0,   0, 
WP, 04, 2003052618,   , BEST,   0, 324N, 1645E,  45,  991, TS,   0,    ,    0,    0,    0,    0, 
WP, 04, 2003052700,   , BEST,   0, 339N, 1669E,  45,  991, TS,   0,    ,    0,    0,    0,    0, 
WP, 04, 2003052706,   , BEST,   0, 361N, 1709E,  45,  991, TS,   0,    ,    0,    0,    0,    0, 
