WP, 06, 2003053100,   , BEST,   0, 171N, 1172E,  15, 1006, TD,   0,    ,    0,    0,    0,    0, 
WP, 06, 2003053106,   , BEST,   0, 171N, 1171E,  25, 1002, TD,   0,    ,    0,    0,    0,    0, 1008,  120,  15,   0,  30, 
WP, 06, 2003053112,   , BEST,   0, 172N, 1170E,  25, 1002, TD,   0,    ,    0,    0,    0,    0, 1008,  120,  40,   0,   0, 
WP, 06, 2003053118,   , BEST,   0, 174N, 1170E,  30, 1000, TD,   0,    ,    0,    0,    0,    0, 1005,  120,  40,   0,   0, 
WP, 06, 2003060100,   , BEST,   0, 176N, 1172E,  30, 1000, TD,   0,    ,    0,    0,    0,    0, 1005,  120,  35,   0,   0, 
WP, 06, 2003060106,   , BEST,   0, 179N, 1175E,  35,  997, TS,  34, NEQ,   40,   40,   40,   40, 1005,  130,  35,   0,   0, 
WP, 06, 2003060112,   , BEST,   0, 185N, 1182E,  40,  994, TS,  34, NEQ,   40,   40,   40,   40, 1005,  130,  35,   0,   0, 
WP, 06, 2003060118,   , BEST,   0, 192N, 1189E,  45,  991, TS,  34, NEQ,   90,   40,   40,   80, 1005,  130,  35,   0,   0, 
WP, 06, 2003060200,   , BEST,   0, 200N, 1196E,  45,  991, TS,  34, NEQ,   90,   40,   40,   80, 1005,  130,  30,   0,   0, 
WP, 06, 2003060206,   , BEST,   0, 208N, 1208E,  45,  991, TS,  34, NEQ,   95,   40,   40,   90, 1005,  130,  30,   0,   0, 
WP, 06, 2003060212,   , BEST,   0, 215N, 1220E,  45,  991, TS,  34, NEQ,   90,   40,   40,   90, 1005,  130,  30,   0,   0, 
WP, 06, 2003060218,   , BEST,   0, 222N, 1233E,  45,  991, TS,   0,    ,    0,    0,    0,    0, 1005,  120,  90,   0,   0, 
WP, 06, 2003060300,   , BEST,   0, 230N, 1253E,  40,  994, TS,   0,    ,    0,    0,    0,    0, 1005,  120,  90,   0,   0, 
WP, 06, 2003060306,   , BEST,   0, 241N, 1279E,  35,  997, TS,   0,    ,    0,    0,    0,    0, 
WP, 06, 2003060312,   , BEST,   0, 256N, 1309E,  30, 1000, TD,   0,    ,    0,    0,    0,    0, 
WP, 06, 2003060318,   , BEST,   0, 274N, 1338E,  25, 1002, TD,   0,    ,    0,    0,    0,    0, 
WP, 06, 2003060400,   , BEST,   0, 294N, 1368E,  25, 1002, TD,   0,    ,    0,    0,    0,    0, 
