WP, 03, 2005041618,   , BEST,   0,  69N, 1508E,  15, 1006, DB,   0,    ,    0,    0,    0,    0, 
WP, 03, 2005041700,   , BEST,   0,  70N, 1505E,  15, 1006, DB,   0,    ,    0,    0,    0,    0, 
WP, 03, 2005041706,   , BEST,   0,  73N, 1500E,  15, 1006, DB,   0,    ,    0,    0,    0,    0, 
WP, 03, 2005041712,   , BEST,   0,  78N, 1496E,  20, 1004, DB,   0,    ,    0,    0,    0,    0, 
WP, 03, 2005041718,   , BEST,   0,  85N, 1493E,  25, 1002, TD,   0,    ,    0,    0,    0,    0, 
WP, 03, 2005041800,   , BEST,   0,  92N, 1487E,  25, 1002, TD,   0,    ,    0,    0,    0,    0, 
WP, 03, 2005041806,   , BEST,   0,  98N, 1479E,  25, 1002, TD,   0,    ,    0,    0,    0,    0, 
WP, 03, 2005041812,   , BEST,   0, 101N, 1470E,  25, 1002, TD,   0,    ,    0,    0,    0,    0, 
WP, 03, 2005041818,   , BEST,   0, 101N, 1460E,  25, 1002, TD,   0,    ,    0,    0,    0,    0, 
WP, 03, 2005041900,   , BEST,   0,  98N, 1451E,  25, 1002, TD,   0,    ,    0,    0,    0,    0, 1008,  150,  50,   0,   0, 
WP, 03, 2005041906,   , BEST,   0,  95N, 1445E,  25, 1002, TD,   0,    ,    0,    0,    0,    0, 1008,  150,  50,   0,   0, 
WP, 03, 2005041912,   , BEST,   0,  92N, 1439E,  25, 1002, TD,   0,    ,    0,    0,    0,    0, 1008,  150,  50,   0,   0, 
WP, 03, 2005041918,   , BEST,   0,  87N, 1435E,  25, 1002, TD,   0,    ,    0,    0,    0,    0, 1008,  150,  50,   0,   0, 
WP, 03, 2005042000,   , BEST,   0,  83N, 1433E,  25, 1002, TD,   0,    ,    0,    0,    0,    0, 1008,  150,  50,   0,   0, 
WP, 03, 2005042006,   , BEST,   0,  80N, 1429E,  25, 1002, TD,   0,    ,    0,    0,    0,    0, 1008,  150,  50,   0,   0, 
WP, 03, 2005042012,   , BEST,   0,  80N, 1423E,  25, 1002, TD,   0,    ,    0,    0,    0,    0,    0,    0,   0,  35,   0, 
WP, 03, 2005042018,   , BEST,   0,  80N, 1418E,  25, 1002, TD,   0,    ,    0,    0,    0,    0,    0,    0,   0,  35,   0, 
WP, 03, 2005042100,   , BEST,   0,  81N, 1410E,  25, 1002, TD,   0,    ,    0,    0,    0,    0,    0,    0,   0,  35,   0, 
WP, 03, 2005042106,   , BEST,   0,  85N, 1402E,  25, 1002, TD,   0,    ,    0,    0,    0,    0,    0,    0,   0,  35,   0, 
WP, 03, 2005042112,   , BEST,   0,  92N, 1394E,  25, 1002, TD,   0,    ,    0,    0,    0,    0,    0,    0,   0,  35,   0, 
WP, 03, 2005042118,   , BEST,   0, 100N, 1384E,  25, 1002, TD,   0,    ,    0,    0,    0,    0,    0,    0,   0,  35,   0, 
WP, 03, 2005042200,   , BEST,   0, 107N, 1372E,  25, 1004, TD,   0,    ,    0,    0,    0,    0,    0,    0,   0,  35,   0, 
WP, 03, 2005042206,   , BEST,   0, 112N, 1358E,  30, 1000, TD,   0,    ,    0,    0,    0,    0,    0,    0,   0,  40,   0, 
WP, 03, 2005042212,   , BEST,   0, 114N, 1345E,  30, 1000, TD,   0,    ,    0,    0,    0,    0,    0,    0,   0,  40,   0, 
WP, 03, 2005042218,   , BEST,   0, 116N, 1334E,  35,  997, TS,   0,    ,    0,    0,    0,    0,    0,    0,   0,  40,   0, 
WP, 03, 2005042300,   , BEST,   0, 118N, 1327E,  35,  997, TS,   0,    ,    0,    0,    0,    0,    0,    0,   0,  45,   0, 
WP, 03, 2005042306,   , BEST,   0, 121N, 1320E,  55,  984, TS,  34, NEQ,   50,   50,   50,   50,    0,    0,   0,  55,   0, 
WP, 03, 2005042312,   , BEST,   0, 126N, 1315E,  65,  976, TY,  34, NEQ,   65,   65,   65,   65,    0,    0,   0,  75,   0, 
WP, 03, 2005042312,   , BEST,   0, 126N, 1315E,  65,  976, TY,  50, NEQ,   10,   10,   10,   10,    0,    0,   0,  75,   0, 
WP, 03, 2005042318,   , BEST,   0, 131N, 1312E,  75,  967, TY,  34, NEQ,  100,   90,  100,  100,    0,    0,   0,  90,   0, 
WP, 03, 2005042318,   , BEST,   0, 131N, 1312E,  75,  967, TY,  50, NEQ,   40,   40,   40,   40,    0,    0,   0,  90,   0, 
WP, 03, 2005042318,   , BEST,   0, 131N, 1312E,  75,  967, TY,  64, NEQ,   15,   15,   15,   15,    0,    0,   0,  90,   0, 
WP, 03, 2005042400,   , BEST,   0, 135N, 1309E,  90,  954, TY,  34, NEQ,  110,  110,  110,  110,    0,    0,   0, 105,   0, 
WP, 03, 2005042400,   , BEST,   0, 135N, 1309E,  90,  954, TY,  50, NEQ,   50,   50,   50,   50,    0,    0,   0, 105,   0, 
WP, 03, 2005042400,   , BEST,   0, 135N, 1309E,  90,  954, TY,  64, NEQ,   20,   20,   20,   20,    0,    0,   0, 105,   0, 
WP, 03, 2005042406,   , BEST,   0, 140N, 1308E, 110,  933, TY,  34, NEQ,  110,  110,  110,  110,    0,    0,   0, 130,   0, 
WP, 03, 2005042406,   , BEST,   0, 140N, 1308E, 110,  933, TY,  50, NEQ,   50,   50,   50,   50,    0,    0,   0, 130,   0, 
WP, 03, 2005042406,   , BEST,   0, 140N, 1308E, 110,  933, TY,  64, NEQ,   20,   20,   20,   20,    0,    0,   0, 130,   0, 
WP, 03, 2005042412,   , BEST,   0, 146N, 1308E, 115,  927, TY,  34, NEQ,  110,  100,  100,  100,    0,    0,   0, 135,   0, 
WP, 03, 2005042412,   , BEST,   0, 146N, 1308E, 115,  927, TY,  50, NEQ,   50,   50,   50,   50,    0,    0,   0, 135,   0, 
WP, 03, 2005042412,   , BEST,   0, 146N, 1308E, 115,  927, TY,  64, NEQ,   20,   20,   20,   20,    0,    0,   0, 135,   0, 
WP, 03, 2005042418,   , BEST,   0, 153N, 1310E, 115,  927, TY,  34, NEQ,  110,  110,  100,  100,    0,    0,   0, 140,   0, 
WP, 03, 2005042418,   , BEST,   0, 153N, 1310E, 115,  927, TY,  50, NEQ,   50,   50,   50,   50,    0,    0,   0, 140,   0, 
WP, 03, 2005042418,   , BEST,   0, 153N, 1310E, 115,  927, TY,  64, NEQ,   20,   20,   20,   20,    0,    0,   0, 140,   0, 
WP, 03, 2005042500,   , BEST,   0, 160N, 1313E, 115,  927, TY,  34, NEQ,  120,  120,  100,  100,    0,    0,   0, 140,   0, 
WP, 03, 2005042500,   , BEST,   0, 160N, 1313E, 115,  927, TY,  50, NEQ,   50,   50,   50,   50,    0,    0,   0, 140,   0, 
WP, 03, 2005042500,   , BEST,   0, 160N, 1313E, 115,  927, TY,  64, NEQ,   20,   20,   20,   20,    0,    0,   0, 140,   0, 
WP, 03, 2005042506,   , BEST,   0, 167N, 1317E, 115,  927, TY,  34, NEQ,  120,  120,  100,  100,    0,    0,   0, 135,   0, 
WP, 03, 2005042506,   , BEST,   0, 167N, 1317E, 115,  927, TY,  50, NEQ,   50,   50,   50,   50,    0,    0,   0, 135,   0, 
WP, 03, 2005042506,   , BEST,   0, 167N, 1317E, 115,  927, TY,  64, NEQ,   20,   20,   20,   20,    0,    0,   0, 135,   0, 
WP, 03, 2005042512,   , BEST,   0, 176N, 1322E, 110,  933, TY,  34, NEQ,  125,  125,  100,  105,    0,    0,   0, 135,   0, 
WP, 03, 2005042512,   , BEST,   0, 176N, 1322E, 110,  933, TY,  50, NEQ,   45,   45,   45,   45,    0,    0,   0, 135,   0, 
WP, 03, 2005042512,   , BEST,   0, 176N, 1322E, 110,  933, TY,  64, NEQ,   15,   15,   15,   15,    0,    0,   0, 135,   0, 
WP, 03, 2005042518,   , BEST,   0, 188N, 1330E, 105,  938, TY,  34, NEQ,  130,  100,  100,  130,    0,    0,   0, 130,   0, 
WP, 03, 2005042518,   , BEST,   0, 188N, 1330E, 105,  938, TY,  50, NEQ,   55,   40,   40,   55,    0,    0,   0, 130,   0, 
WP, 03, 2005042518,   , BEST,   0, 188N, 1330E, 105,  938, TY,  64, NEQ,   15,   15,   15,   15,    0,    0,   0, 130,   0, 
WP, 03, 2005042600,   , BEST,   0, 202N, 1342E, 100,  944, TY,  34, NEQ,  130,   95,  120,   95,    0,    0,   0, 125,   0, 
WP, 03, 2005042600,   , BEST,   0, 202N, 1342E, 100,  944, TY,  50, NEQ,   55,   30,   45,   30,    0,    0,   0, 125,   0, 
WP, 03, 2005042600,   , BEST,   0, 202N, 1342E, 100,  944, TY,  64, NEQ,   15,   15,   15,   15,    0,    0,   0, 125,   0, 
WP, 03, 2005042606,   , BEST,   0, 218N, 1359E,  95,  949, TY,  34, NEQ,  110,   75,  110,   75,    0,    0,   0, 110,   0, 
WP, 03, 2005042606,   , BEST,   0, 218N, 1359E,  95,  949, TY,  50, NEQ,   35,   20,   35,   20,    0,    0,   0, 110,   0, 
WP, 03, 2005042606,   , BEST,   0, 218N, 1359E,  95,  949, TY,  64, NEQ,   10,   10,   10,   10,    0,    0,   0, 110,   0, 
WP, 03, 2005042612,   , BEST,   0, 233N, 1381E,  90,  954, TY,  34, NEQ,  120,   80,   90,   60,    0,    0,   0,  90,   0, 
WP, 03, 2005042612,   , BEST,   0, 233N, 1381E,  90,  954, TY,  50, NEQ,   35,   20,   25,   20,    0,    0,   0,  90,   0, 
WP, 03, 2005042612,   , BEST,   0, 233N, 1381E,  90,  954, TY,  64, NEQ,   10,   10,   10,   10,    0,    0,   0,  90,   0, 
WP, 03, 2005042618,   , BEST,   0, 248N, 1404E,  55,  984, TS,  34, NEQ,  120,   70,   85,   55,    0,    0,   0,  70,   0, 
WP, 03, 2005042618,   , BEST,   0, 248N, 1404E,  55,  984, TS,  50, NEQ,   15,   15,   15,   15,    0,    0,   0,  70,   0, 
WP, 03, 2005042700,   , BEST,   0, 260N, 1431E,  55,  984, TS,  34, NEQ,  120,   70,   85,   55, 
WP, 03, 2005042700,   , BEST,   0, 260N, 1431E,  55,  984, TS,  50, NEQ,   15,   15,   15,   15, 
